    0.495429640727436404E-97    0.354374625708060591E+03    0.392391791153312908E+00
    0.246048758590432582E-95    0.346554076586543317E+03    0.407660703715846950E+00
    0.400236085304913689E-95    0.345571026857906247E+03    0.407651973337016416E+00
    0.224688968095817911E-94    0.342110531680765405E+03    0.392497074501467980E+00
    0.596529865677550867E-94    0.340147707227487274E+03    0.392514065121089828E+00
    0.850454176424195281E-94    0.339428424780467139E+03    0.407597200103394286E+00
    0.128601971848824954E-92    0.333986181182706616E+03    0.407548348427695273E+00
    0.149205457339242857E-89    0.319863466385620541E+03    0.392692012250213052E+00
    0.132527782332272555E-86    0.306275019753686536E+03    0.392813735623131766E+00
    0.477878200951054557E-86    0.303699892575946933E+03    0.392837041193431047E+00
    0.629689382354323868E-84    0.293927810676728086E+03    0.407178811876278912E+00
    0.862158934153063183E-84    0.293289384720491228E+03    0.407172772143582662E+00
    0.668684293504700390E-83    0.289182469717215213E+03    0.392969902658047654E+00
    0.259303879334995511E-82    0.286461922306124848E+03    0.392995086773766045E+00
    0.661422002156039741E-82    0.284579139480526635E+03    0.407089868653776721E+00
    0.576911064122531897E-81    0.280237377187281766E+03    0.407048188633405361E+00
    0.224574234458276440E-80    0.277509170604084943E+03    0.393078622308522030E+00
    0.289882520917442677E-80    0.276988631759369582E+03    0.393083510958072757E+00
    0.563036152389271188E-80    0.275650895560783965E+03    0.407003896359501183E+00
    0.365709935075617176E-79    0.271898732070482708E+03    0.393131499808450025E+00
    0.229773028660570264E-77    0.263607888703099547E+03    0.406886271521686049E+00
    0.312387835256608749E-77    0.262983581727510682E+03    0.406880120326565176E+00
    0.229003887281661011E-76    0.258989424539779804E+03    0.406840638671126908E+00
    0.447298410737377531E-76    0.257640450581818982E+03    0.406827253869227135E+00
    0.800119504767026803E-76    0.256467380301717299E+03    0.406815593541124065E+00
    0.178110870231156888E-75    0.254856919864953284E+03    0.393294723398117996E+00
    0.405697651108904058E-73    0.243990175577751131E+03    0.406690341338184658E+00
    0.105923203285223543E-72    0.242060793084250236E+03    0.393419995555342905E+00
    0.134332130490493611E-71    0.236970420928571002E+03    0.406618855499635279E+00
    0.384437420705433730E-71    0.234857489525303265E+03    0.406597190122877150E+00
    0.925076686616911684E-70    0.228486128103676265E+03    0.406531434610142961E+00
    0.394578474647528248E-69    0.225575075110147509E+03    0.406501174649585628E+00
    0.727104227900039482E-69    0.224342571525976325E+03    0.393597577489771089E+00
    0.727904536047194699E-68    0.219725201193163855E+03    0.406439945512214462E+00
    0.500532585656349122E-65    0.206648685045104401E+03    0.406300972506085878E+00
    0.698376999546308223E-64    0.201367342122968182E+03    0.393835605087382967E+00
    0.456994333523702149E-63    0.197600348095761774E+03    0.393875530571727306E+00
    0.100743918795899298E-62    0.196009356213506635E+03    0.406185647154381269E+00
    0.527726324215311000E-62    0.192687364244866160E+03    0.393928003587787845E+00
    0.149533633741006624E-61    0.190594307022069131E+03    0.406126134312762677E+00
    0.340043352242241852E-57    0.170520522730731102E+03    0.394170731098791582E+00
    0.386428013461804986E-57    0.170254777766249333E+03    0.394173703414412990E+00
    0.759951291587816552E-57    0.168892160280463543E+03    0.405881707307961692E+00
    0.118694086196407947E-56    0.167990399819004949E+03    0.394199092942978946E+00
    0.349548478903493620E-56    0.165820214254169230E+03    0.405846299552485690E+00
    0.822255932385366359E-56    0.164099395377171106E+03    0.394242987075554607E+00
    0.105167744886164655E-55    0.163597215299420498E+03    0.394248676947823173E+00
    0.428051016438634612E-54    0.156174673633390512E+03    0.405733730275151194E+00
    0.335982269829266163E-53    0.152043871438520966E+03    0.405684852764208681E+00
    0.198693207567933025E-52    0.148479294103714494E+03    0.394422730951574874E+00
    0.328704405234195137E-52    0.147462500267802852E+03    0.394434635978780368E+00
    0.117851340376517941E-51    0.144898799841159132E+03    0.405599320999095625E+00
    0.158310446123772766E-51    0.144298531938714348E+03    0.405592076893879883E+00
    0.387425116725393719E-51    0.142498602681039017E+03    0.394493130761627953E+00
    0.143753797052691779E-50    0.139866273473751505E+03    0.405538300024379794E+00
    0.209388288703688517E-50    0.139104096922966278E+03    0.405529000752501645E+00
    0.313512999210909888E-50    0.138286796012966079E+03    0.394543262518203319E+00
    0.414010150380235542E-50    0.137720696678265085E+03    0.405512082618275260E+00
    0.609565527447234396E-50    0.136936984754347407E+03    0.394559428180815075E+00
    0.371202016325522339E-49    0.133313814609362396E+03    0.405457845942834350E+00
    0.683480053300163496E-49    0.132082912529852706E+03    0.405442602087807191E+00
    0.934335278839412909E-49    0.131447636785511179E+03    0.394625678829318927E+00
    0.534781488072715395E-48    0.127948420829081002E+03    0.405391089470861610E+00
    0.293604462959716296E-46    0.119927329922132955E+03    0.405289748051085752E+00
    0.306686505756404515E-46    0.119830144773082722E+03    0.405288508480832643E+00
    0.567971577122391170E-46    0.118587654162632319E+03    0.405272635617874355E+00
    0.176182038264998522E-45    0.116313591193360068E+03    0.405243462097400420E+00
    0.304952874169035159E-45    0.115206312223531128E+03    0.405229199128383677E+00
    0.303781106030099898E-45    0.115204011938837468E+03    0.405229169458394933E+00
    0.302527395216243031E-45    0.115202283058890160E+03    0.405229147158503444E+00
    0.879363829925607772E-45    0.113058229280027248E+03    0.405201419852995237E+00
    0.202203880230019161E-44    0.111382903552116019E+03    0.405179652700615289E+00
    0.316750715216536590E-44    0.110475226390673342E+03    0.394886818708762521E+00
    0.506171018687704172E-43    0.104922537171489708E+03    0.394958257675170898E+00
    0.693236381340308972E-43    0.104283544279762950E+03    0.405086396319403463E+00
    0.243126176479449601E-42    0.101763955066361135E+03    0.394999357037083554E+00
    0.632384772401232393E-42    0.998421201210962721E+02    0.405027189595746073E+00
    0.729276750021940135E-42    0.995470095938086814E+02    0.395028409759827670E+00
    0.555426774304420789E-41    0.954764724251615888E+02    0.404968316926992700E+00
    0.669390039249167426E-41    0.950932121699776047E+02    0.404963115697331455E+00
    0.854994824242643559E-41    0.945937551562729908E+02    0.395093952059109188E+00
    0.129816168914730190E-40    0.937485370722427120E+02    0.395105225051103570E+00
    0.176465649900351250E-40    0.931245233224781117E+02    0.404936313629150391E+00
    0.414786500258561248E-40    0.914052479397992528E+02    0.404912789457849087E+00
    0.780563591183296830E-40    0.901307433779527543E+02    0.404895279130152996E+00
    0.323065839660873875E-39    0.872798933342791798E+02    0.395192387594646477E+00
    0.340191025897267542E-39    0.871665910136768645E+02    0.404854314519817682E+00
    0.404634435522336937E-39    0.868096375527941717E+02    0.395198786691365489E+00
    0.529502390018419828E-39    0.862617302575824425E+02    0.395206253371931771E+00
    0.944522692593300516E-39    0.850942461897161451E+02    0.395222202887679064E+00
    0.257519020162838836E-37    0.784730780789507918E+02    0.404732158276291443E+00
    0.363723985660319412E-37    0.777724746454363043E+02    0.404722178376342834E+00
    0.445058508231593598E-37    0.773588537377312520E+02    0.404716276701444555E+00
    0.828994953281334539E-37    0.761048371083262936E+02    0.395346867797952140E+00
    0.936197056017974901E-36    0.712464430886286237E+02    0.395415674571869824E+00
    0.101310544885823042E-35    0.710785438682419652E+02    0.395418071158623596E+00
    0.105867448867507137E-35    0.709805492126974542E+02    0.395419470517709482E+00
    0.193516433265917780E-35    0.697642000005412655E+02    0.395436876129456161E+00
    0.269815113958608525E-35    0.690894509484970314E+02    0.404596721166258111E+00
    0.523321995061111709E-35    0.677545309832441234E+02    0.395465782282620304E+00
    0.718956276742865132E-35    0.671093237818146662E+02    0.395475102328716965E+00
    0.733357079393725691E-35    0.670596594088555804E+02    0.404566904239395453E+00
    0.318672233858598352E-34    0.641114284961619347E+02    0.404523250955195313E+00
    0.401399219614430672E-34    0.636398417007565200E+02    0.404516229794305793E+00
    0.452083375612528636E-34    0.633920214408755811E+02    0.395529182391415601E+00
    0.614104442944226273E-34    0.627694246527657214E+02    0.404503242374815719E+00
    0.846203785409898401E-34    0.621182342617620833E+02    0.395547866821289062E+00
    0.187580792999753731E-33    0.605161652019701393E+02    0.404469448968572787E+00
    0.483013015881869713E-32    0.540093271106121477E+02    0.395668725965468815E+00
    0.558721490786105653E-32    0.537081120703333710E+02    0.404365779324268593E+00
    0.351687648965553154E-31    0.500187572856601008E+02    0.404308572764883745E+00
    0.158631926999509823E-30    0.469959007529886463E+02    0.395776082030705190E+00
    0.497134570508573601E-30    0.447013524310920474E+02    0.404224778750207014E+00
    0.147217783204310956E-29    0.425200777375984984E+02    0.395846062974983703E+00
    0.222655817920132692E-29    0.416826494316859595E+02    0.404176471094025047E+00
    0.284441442800514897E-29    0.411828489403634563E+02    0.404168419615131502E+00
    0.422483076394025794E-29    0.403816049749723192E+02    0.404155479958207497E+00
    0.587924893846598500E-29    0.397107053388443063E+02    0.395890604721484074E+00
    0.955973783945348612E-29    0.387284427751698388E+02    0.395906293939694398E+00
    0.343768253920569552E-28    0.361587980694593512E+02    0.395947628454079437E+00
    0.835626699085973729E-28    0.343723696068985163E+02    0.395976617637104233E+00
    0.130762889340975519E-27    0.334667920269777426E+02    0.404042112026052114E+00
    0.137507736758257441E-27    0.333562030175288982E+02    0.395993202133665401E+00
    0.140476367085502449E-27    0.333034848455848334E+02    0.404039396670444695E+00
    0.150122247998756322E-27    0.331606634855751707E+02    0.395996401440816659E+00
    0.275330762141969527E-27    0.319376170905581489E+02    0.404016615056686068E+00
    0.385753259723107500E-27    0.312531675001236096E+02    0.396027747584559775E+00
    0.584628605056810915E-27    0.304116098183014998E+02    0.396041656865417258E+00
    0.605075930178741676E-27    0.303328554740748473E+02    0.396042961049809628E+00
    0.627199544110720771E-27    0.302510338988985410E+02    0.396044316488796289E+00
    0.715658624987891984E-27    0.299771568381990363E+02    0.396048856901169755E+00
    0.809132445976545954E-27    0.297216381445859241E+02    0.403979380451693182E+00
    0.353367775009953301E-26    0.267633744569922385E+02    0.396102535729801586E+00
    0.454707200058983439E-26    0.262490858063506636E+02    0.396111195309880926E+00
    0.724313874161551536E-26    0.253079435446795173E+02    0.396127092956419902E+00
    0.211889039720043144E-25    0.231510975310561804E+02    0.396163777458959088E+00
    0.223136711812428722E-25    0.230376537291216579E+02    0.396165716783457078E+00
    0.235683765165143807E-25    0.229182411545889693E+02    0.403862852030822173E+00
    0.286382261319290770E-25    0.225185680183976160E+02    0.403855898323176976E+00
    0.370249829489955551E-25    0.219948670260236270E+02    0.403846767930239992E+00
    0.619520666206503954E-25    0.209553308912521885E+02    0.403828580579849883E+00
    0.762979310843467131E-25    0.205287611805107133E+02    0.403821092731999676E+00
    0.829264646093508152E-25    0.203521443322126458E+02    0.396211918869717183E+00
    0.104643525068171628E-24    0.198769336758384014E+02    0.403809622717112071E+00
    0.141778958173246253E-24    0.192595144008630967E+02    0.403798726629861771E+00
    0.375575757198004665E-24    0.173011324231780037E+02    0.396265110473368876E+00
    0.491775126826028252E-24    0.167520097198531914E+02    0.396274765476866409E+00
    0.102080287225995259E-23    0.152813633726358518E+02    0.403727766886693096E+00
    0.301469485705313275E-23    0.131055450337472905E+02    0.396339532980455544E+00
    0.474218330720922221E-23    0.121895469813282631E+02    0.403671681656833148E+00
    0.471991384391084358E-23    0.121889611752689859E+02    0.403671670950169592E+00
    0.140009810792970594E-22    0.100042874588080366E+02    0.396395542454091643E+00
    0.169999979255399354E-22    0.960611582325496727E+01    0.403624160955322997E+00
    0.199112444084090363E-22    0.927997303171135002E+01    0.403618117903883689E+00
    0.381500820246745848E-22    0.796948645174295223E+01    0.396432774404934074E+00
    0.948535153072942057E-22    0.613787475241831260E+01    0.396466627571257779E+00
    0.101293306267471933E-21    0.599650160578511304E+01    0.403556713701947845E+00
    0.136613005314187091E-21    0.538823796754755335E+01    0.403545223163552846E+00
    0.240925606709540200E-21    0.424356586734360519E+01    0.403523499041109013E+00
    0.353739426646687216E-21    0.346542114896774933E+01    0.396516618223753559E+00
    0.382298917559753744E-21    0.330013664869576928E+01    0.403505494153693467E+00
    0.390931790496561357E-21    0.324547607549428108E+01    0.403504448180423025E+00
    0.395584123155910082E-21    0.321181533658609908E+01    0.396521399861303858E+00
    0.689833518197379184E-21    0.208964168630471647E+01    0.396542638197998731E+00
    0.879204084734033162E-21    0.159450816922239369E+01    0.396552051154575647E+00
    0.124274978819523261E-20    0.892378718228385992E+00    0.403459123339538928E+00
    0.124658810868453663E-20    0.876211096651658750E+00    0.396565752996489052E+00
    0.143475085567629580E-20    0.585049280548673778E+00    0.396571322795961689E+00
    0.167393172645081040E-20    0.266681336231727073E+00    0.403446972119868630E+00
    0.174930459379353243E-20    0.168595041377116672E+00    0.396579305309079311E+00
    0.195696169213811676E-20   -0.657545175178881891E-01    0.403440498858526175E+00
    0.212430872448334220E-20   -0.239861177305769502E+00    0.403437103806321251E+00
    0.248243412216439141E-20   -0.561447450036183682E+00    0.403430824189402015E+00
    0.383032547664075623E-20   -0.143886785150706942E+01    0.396610294955350051E+00
    0.880245634665248703E-20   -0.311302991632292958E+01    0.396642877670375205E+00
    0.124777512127987020E-19   -0.382086260149645796E+01    0.403366523995699444E+00
    0.456927241625579572E-19   -0.642684644370768865E+01    0.396708332020946242E+00
    0.528454936227504035E-19   -0.672771317339572761E+01    0.403308136508707282E+00
    0.715980140620664059E-19   -0.734510296468820911E+01    0.403295603769301292E+00
    0.788293786434014200E-19   -0.754753979626214289E+01    0.403291484113076915E+00
    0.152139867335240874E-18   -0.887256884580590111E+01    0.396757495604419641E+00
    0.222587263210159599E-18   -0.964360672849342393E+01    0.396773151715819672E+00
    0.390860524871674285E-18   -0.107796698555802948E+02    0.403225004125419173E+00
    0.674962108170122487E-18   -0.118822813971561771E+02    0.396819049419045444E+00
    0.799864038178809019E-18   -0.122318518125468358E+02    0.403194689324883726E+00
    0.200256031718736822E-17   -0.140773318895138004E+02    0.403155748484109788E+00
    0.500795592652339271E-17   -0.159205345149047304E+02    0.403116375036380203E+00
    0.872890158209823185E-17   -0.170417579303550326E+02    0.396927465091353682E+00
    0.930672173103442001E-17   -0.171799526603492296E+02    0.396930422116002768E+00
    0.133445125342123561E-16   -0.179106893570496908E+02    0.403073301915415461E+00
    0.207526501890624708E-16   -0.188038267655673081E+02    0.396965386837118683E+00
    0.333918764828774953E-16   -0.197651041512644241E+02    0.403032621576183636E+00
    0.472575662285578518E-16   -0.204697043944979811E+02    0.397001683520672333E+00
    0.538185779359369505E-16   -0.207397162933246051E+02    0.403011023331440177E+00
    0.126250757840509140E-15   -0.224550189902843726E+02    0.397045527809799070E+00
    0.141461568421585543E-15   -0.226925350064795026E+02    0.402967278759270353E+00
    0.151408487995389369E-15   -0.228384416542344724E+02    0.397054071284609289E+00
    0.251331224242026805E-15   -0.238620222240046047E+02    0.397077002237247845E+00
    0.417345780079471660E-15   -0.248863090226528030E+02    0.402917361949454211E+00
    0.738150850643532826E-15   -0.260367752653727180E+02    0.402890843169966817E+00
    0.876604026889091570E-15   -0.263905896120814631E+02    0.397134442344853289E+00
    0.113873778143318321E-14   -0.269238302860360434E+02    0.397146704610353007E+00
    0.144119410379881383E-14   -0.274049334239967166E+02    0.397157813721933484E+00
    0.443181821539342133E-14   -0.296616092710224208E+02    0.402805665948743841E+00
    0.537374934550090017E-14   -0.300570411406450333E+02    0.402796218477893597E+00
    0.573131089314256416E-14   -0.301958779700273325E+02    0.397223143332277207E+00
    0.571123780843276185E-14   -0.301988609650490645E+02    0.397223213986573009E+00
    0.170322435216088102E-13   -0.323942058573311726E+02    0.402739720835412263E+00
    0.192673595591292854E-13   -0.326508143058598392E+02    0.402733447178834636E+00
    0.277386236570646253E-13   -0.333896410022447085E+02    0.397299857165551440E+00
    0.685319362388342444E-13   -0.352085891247495155E+02    0.397344546666493603E+00
    0.750192582550231046E-13   -0.353994791211964355E+02    0.402665328916570586E+00
    0.805341276088005577E-13   -0.355513514866515052E+02    0.397353053117821708E+00
    0.954935183896973278E-13   -0.359021061564164441E+02    0.397361786537762829E+00
    0.111002642478962917E-12   -0.362130974208710725E+02    0.402644832005968623E+00
    0.127654504040920362E-12   -0.365026442613099746E+02    0.397376807345626082E+00
    0.128752152927027556E-12   -0.365297679289142678E+02    0.402636811641690073E+00
    0.152357144031290013E-12   -0.368764441997048138E+02    0.402628003488024466E+00
    0.220071866004782133E-12   -0.376218977199145144E+02    0.397405036255732313E+00
    0.255407505351257504E-12   -0.379297100662194708E+02    0.402601061285178252E+00
    0.300879147448442696E-12   -0.382674067678419831E+02    0.402592364329417696E+00
    0.374472684263156238E-12   -0.387150271287392798E+02    0.402580791632995205E+00
    0.436205114304654573E-12   -0.390302145633336082E+02    0.402572611858251772E+00
    0.458616379764156175E-12   -0.391404175799244953E+02    0.397443837421651458E+00
    0.828505586370154434E-12   -0.403332365657715854E+02    0.402538518315113891E+00
    0.105291373192145693E-11   -0.408226225721342075E+02    0.397487526022913373E+00
    0.142820211042691486E-11   -0.414423327401734483E+02    0.402509136891405273E+00
    0.155078930456735641E-11   -0.416170280246864763E+02    0.397508425883756900E+00
    0.170031303044565893E-11   -0.418111247038789600E+02    0.397513559242389958E+00
    0.174348706171844498E-11   -0.418712742970219551E+02    0.402497681729325207E+00
    0.305506637113822628E-11   -0.430031026001459509E+02    0.402467202260219648E+00
    0.331227925958285152E-11   -0.431747730654946196E+02    0.402462546588390091E+00
    0.468249938022856214E-11   -0.438771640104978289E+02    0.397568877400059029E+00
    0.496652973830936926E-11   -0.440049426734145115E+02    0.402439908178315209E+00
    0.570618314099404930E-11   -0.442926006615232382E+02    0.402432015079828342E+00
    0.749637201499482908E-11   -0.448483383088887990E+02    0.397595323499118247E+00
    0.948367978997435663E-11   -0.453286447734445801E+02    0.397608511621888538E+00
    0.220523755017026176E-10   -0.470263406217311086E+02    0.397655725320838649E+00
    0.349639333385079139E-10   -0.479581340728264252E+02    0.402329113362905111E+00
    0.386434763795143604E-10   -0.481682559119664759E+02    0.397688028719374698E+00
    0.455192500101553302E-10   -0.485057705918063675E+02    0.402313349716776680E+00
    0.529727271627667554E-10   -0.488190543630935636E+02    0.397706644002608301E+00
    0.537856977007689714E-10   -0.488595151442085367E+02    0.402303110295127164E+00
    0.664694784712478841E-10   -0.492929857084348129E+02    0.397720296540105545E+00
    0.666846549437993473E-10   -0.493094496958256485E+02    0.397720772298053860E+00
    0.819104632100232582E-10   -0.497307534417859713E+02    0.402277696760160730E+00
    0.940868450197345417E-10   -0.500179364424263966E+02    0.402269257880452702E+00
    0.116683893823931082E-09   -0.504584369970687661E+02    0.402256252869237829E+00
    0.149228718296463349E-09   -0.509604602667981936E+02    0.402241340169515738E+00
    0.186347928270259914E-09   -0.514147309814466311E+02    0.397782455063122431E+00
    0.185540186001973786E-09   -0.514160429539728341E+02    0.402227721215415668E+00
    0.192323716826251625E-09   -0.514978599193832522E+02    0.397784926154153728E+00
    0.227817672973594213E-09   -0.518465912227428163E+02    0.397795322924952899E+00
    0.235499397484785168E-09   -0.519229166745481834E+02    0.402212471178020170E+00
    0.245031372619821500E-09   -0.520122724722564342E+02    0.397800279735032181E+00
    0.244473422996607476E-09   -0.520177131717564905E+02    0.397800442699208556E+00
    0.382514050092475902E-09   -0.529230307342635911E+02    0.397827730892556186E+00
    0.397309771238848556E-09   -0.530089324777947510E+02    0.397830338099267378E+00
    0.420999250170887928E-09   -0.531347620697718526E+02    0.397834162860427665E+00
    0.457900527327705427E-09   -0.533128039071125315E+02    0.397839586328282535E+00
    0.562880347989049208E-09   -0.537356341241009119E+02    0.397852521731094255E+00
    0.897598833534849581E-09   -0.546789464350033541E+02    0.402127653599001322E+00
    0.952915990914205159E-09   -0.548085534595987056E+02    0.402123582086227727E+00
    0.139548517563067705E-08   -0.555814948244226770E+02    0.402099137816172569E+00
    0.146338766426726986E-08   -0.556865186543692943E+02    0.397913249053787832E+00
    0.154955711968449632E-08   -0.558109488442420343E+02    0.397917182781422296E+00
    0.184114681836696690E-08   -0.561657878191478801E+02    0.402080470229989551E+00
    0.185433357931810660E-08   -0.561900612726661919E+02    0.402079691115996174E+00
    0.324841178202274489E-08   -0.573213429113939199E+02    0.402043052565636494E+00
    0.382609195371779156E-08   -0.576586983317751560E+02    0.397976502882945726E+00
    0.416085871116933093E-08   -0.578364534703590181E+02    0.402026151742349014E+00
    0.451153180465076983E-08   -0.580082840067318415E+02    0.402020482726116457E+00
    0.474851607533318674E-08   -0.581206748505978226E+02    0.397991609652143363E+00
    0.481764051216507900E-08   -0.581595790983293597E+02    0.397992887055100109E+00
    0.957756139350940882E-08   -0.595438565380145235E+02    0.401969101452437805E+00
    0.124700448344893928E-07   -0.600816692326552229E+02    0.398057049871975988E+00
    0.161032213037077756E-07   -0.606030491884131379E+02    0.398074825366581619E+00
    0.188726646023996231E-07   -0.609304396381195801E+02    0.401921532952178473E+00
    0.211582695375597287E-07   -0.611690721700230000E+02    0.401913227816183549E+00
    0.211195957932592126E-07   -0.611754131626644266E+02    0.401913006641623882E+00
    0.317518324519432217E-07   -0.620009113998982571E+02    0.398123318476246157E+00
    0.327289379817128050E-07   -0.620715298027717921E+02    0.401881490135460928E+00
    0.420824688541981871E-07   -0.625842729969039056E+02    0.398143932655288746E+00
    0.511231026942546535E-07   -0.629834835276271008E+02    0.398158173228660817E+00
    0.633157484039864433E-07   -0.634212786988269528E+02    0.401833003041202619E+00
    0.814084023304420177E-07   -0.639339675033362909E+02    0.398192532811379785E+00
    0.888705993480391578E-07   -0.641193732661604940E+02    0.401807418106379655E+00
    0.104772720437278348E-06   -0.644585973961714842E+02    0.401794854753684705E+00
    0.104881174987598085E-06   -0.644706666076168347E+02    0.401794406152587547E+00
    0.125336566291768301E-06   -0.648370158210485528E+02    0.401780735830765678E+00
    0.165566221327546949E-06   -0.654037530098166258E+02    0.401759379976335540E+00
    0.176331945809488853E-06   -0.655397470713160146E+02    0.401754216972373568E+00
    0.214155521171348821E-06   -0.659384154935556666E+02    0.398267237335087843E+00
    0.227206763798310174E-06   -0.660667314357939119E+02    0.398272130181261286E+00
    0.243028622978441431E-06   -0.662113689753852555E+02    0.398277662142038635E+00
    0.257309551601816305E-06   -0.663355702045699047E+02    0.398282426767595399E+00
    0.266854559668306988E-06   -0.664184181017936908E+02    0.398285612391588995E+00
    0.301928272128837876E-06   -0.666753894818238138E+02    0.398295531392081847E+00
    0.413344957101695890E-06   -0.673135755056196672E+02    0.398320419828274097E+00
    0.472904990378511497E-06   -0.675927995271246402E+02    0.398331426552097023E+00
    0.530762051502521511E-06   -0.678336381362634171E+02    0.401664731994266944E+00
    0.612255837258477336E-06   -0.681293109823005523E+02    0.398352782748606360E+00
    0.618716886935268532E-06   -0.681603061152814149E+02    0.398354025039778903E+00
    0.709686567565444082E-06   -0.684446573593733518E+02    0.398365466179066374E+00
    0.837949196850534374E-06   -0.687869254712300631E+02    0.398379345312913802E+00
    0.953941203134597930E-06   -0.690562145977372523E+02    0.398390349647789577E+00
    0.129335041134414989E-05   -0.696749932195272379E+02    0.398415926707772594E+00
    0.131863865675188828E-05   -0.697237208480297852E+02    0.401587234080626854E+00
    0.132463765555538563E-05   -0.697427989895398781E+02    0.401586432631773627E+00
    0.141816593517540763E-05   -0.698892499641495704E+02    0.401580266941719111E+00
    0.143856844047422320E-05   -0.699278180415620625E+02    0.401578639212329780E+00
    0.149079279904758992E-05   -0.700091371971738852E+02    0.401575201729488129E+00
    0.155951325879488291E-05   -0.701092685984364863E+02    0.401570958743265094E+00
    0.157524833256924125E-05   -0.701393469431149583E+02    0.401569681969097814E+00
    0.162038451172923397E-05   -0.702058480284720190E+02    0.401566855437400394E+00
    0.243306388916895070E-05   -0.710288237262256530E+02    0.398473388026592268E+00
    0.327856338205385540E-05   -0.716353317468177835E+02    0.401504820662964557E+00
    0.331237147236812401E-05   -0.716658498600024529E+02    0.401503468510145844E+00
    0.338292029879672891E-05   -0.717179997408604493E+02    0.398503490347832834E+00
    0.395320740937512950E-05   -0.720395755840541909E+02    0.398517746499246095E+00
    0.481631452147267107E-05   -0.724445391074500264E+02    0.401468548382453827E+00
    0.528891859732848944E-05   -0.726417486825270089E+02    0.398544819437573805E+00
    0.634947623039018351E-05   -0.730172657326714187E+02    0.401442327659763010E+00
    0.670082444945929211E-05   -0.731349822224418062E+02    0.401436879326414975E+00
    0.743188988484586752E-05   -0.733520814505649099E+02    0.401426776892634007E+00
    0.741750516845386972E-05   -0.733582066204213561E+02    0.398577704664635268E+00
    0.934327319154347225E-05   -0.738298343597149795E+02    0.401404290516888695E+00
    0.948096032773708651E-05   -0.738690923035335487E+02    0.398601628535526442E+00
    0.981689828056976062E-05   -0.739487315106666330E+02    0.401398638461781365E+00
    0.985064322496334270E-05   -0.739655945906296495E+02    0.401397834993364344E+00
    0.980192104461474074E-05   -0.739656778633260217E+02    0.401397831024562612E+00
    0.102567100893665824E-04   -0.740663853490009103E+02    0.401393023036355046E+00
    0.106656919687079128E-04   -0.741545855445178859E+02    0.398615178459792496E+00
    0.110293194511265390E-04   -0.742316353435817575E+02    0.401385097650756306E+00
    0.121148785619428632E-04   -0.744293897413550667E+02    0.401375553600733348E+00
    0.135071384778856504E-04   -0.746569577241347844E+02    0.401364488434635014E+00
    0.144679331345978275E-04   -0.748043904654177823E+02    0.398646526968095383E+00
    0.157649978590759541E-04   -0.749861053948616956E+02    0.401348324154113978E+00
    0.170746585912903625E-04   -0.751557119016791404E+02    0.398663783312054765E+00
    0.182414394217887140E-04   -0.752979128748738447E+02    0.398670831948619075E+00
    0.195926090735683392E-04   -0.754508258945476342E+02    0.401325167731284571E+00
    0.205590770493886326E-04   -0.755571261784432124E+02    0.398683778178236248E+00
    0.256460911051790393E-04   -0.760093034133592340E+02    0.401296794912062882E+00
    0.285701491141185875E-04   -0.762352459514407172E+02    0.401285138932926055E+00
    0.286361635806226073E-04   -0.762498618403310928E+02    0.398719020910697552E+00
    0.317387731563141448E-04   -0.764655992033344774E+02    0.398730197015684740E+00
    0.323736791182702556E-04   -0.765152125199757762E+02    0.401270548223178258E+00
    0.333900331926589186E-04   -0.765870359765621060E+02    0.401266778101701194E+00
    0.338674215852298536E-04   -0.766254281547329299E+02    0.398738540928571639E+00
    0.341231568696466925E-04   -0.766504735622735325E+02    0.398739853457167837E+00
    0.340438977711775753E-04   -0.766558226860046972E+02    0.398740133961017484E+00
    0.366542746894638885E-04   -0.768135811944469822E+02    0.398748435070210128E+00
    0.452811625891155742E-04   -0.772463032987123341E+02    0.401231635320243474E+00
    0.463680848952174841E-04   -0.773037438745475640E+02    0.401228525982911921E+00
    0.538356305353647133E-04   -0.776123921316078054E+02    0.401211682342589249E+00
    0.544303327439285737E-04   -0.776443642518173505E+02    0.401209924199740831E+00
    0.627413972983889589E-04   -0.779385640280066525E+02    0.398809313824069811E+00
    0.625900080552857768E-04   -0.779437323797440342E+02    0.401193336795737709E+00
    0.658376208520409205E-04   -0.780549039213100713E+02    0.398815788813248695E+00
    0.671201304060683437E-04   -0.781034890905454091E+02    0.401184390289913317E+00
    0.764174163203224378E-04   -0.783729423454741863E+02    0.398833673600507921E+00
    0.840155101493476257E-04   -0.785725239333397525E+02    0.398845038939244223E+00
    0.863675197674438017E-04   -0.786377444334995488E+02    0.398848777385260200E+00
    0.894781461271572625E-04   -0.787185099167013078E+02    0.398853423824394371E+00
    0.977282715584959152E-04   -0.789049028570918125E+02    0.401138454015352475E+00
    0.978704584983182066E-04   -0.789178105848633606E+02    0.398864971259081491E+00
    0.100327653871547473E-03   -0.789774038175666675E+02    0.401134206903169421E+00
    0.102889131067397790E-03   -0.790378251026603209E+02    0.398871982095350353E+00
    0.106067040320199544E-03   -0.791086637805665163E+02    0.398876140844674931E+00
    0.107764106165078607E-03   -0.791504103526730205E+02    0.398878598921816818E+00
    0.108343628370363761E-03   -0.791711369209874078E+02    0.398879821332192408E+00
    0.110344469701363523E-03   -0.792177351114017654E+02    0.398882574497257392E+00
    0.125805077721524711E-03   -0.794899884942681609E+02    0.401103715201769739E+00
    0.127194974573834789E-03   -0.795219633645887995E+02    0.398900719278007021E+00
    0.126582307157756263E-03   -0.795223065725831617E+02    0.398900739917322833E+00
    0.127978611365612595E-03   -0.795542473829741965E+02    0.398902662429676369E+00
    0.127755813629803111E-03   -0.795607625522998916E+02    0.398903054991819106E+00
    0.128764077567811375E-03   -0.795864848282706703E+02    0.401097880625087500E+00
    0.134167765752426371E-03   -0.796787030806733867E+02    0.401092275696264822E+00
    0.135079857392717234E-03   -0.797022533600567442E+02    0.401090839734466520E+00
    0.140096260886470963E-03   -0.797851806086654136E+02    0.398916664107358598E+00
    0.142159815168375284E-03   -0.798244248478310965E+02    0.401083359970788034E+00
    0.145730364686705153E-03   -0.798840372745213472E+02    0.401079691544665606E+00
    0.153357646011831149E-03   -0.799960665788569258E+02    0.398929610823956282E+00
    0.153203716569202605E-03   -0.800040581136770186E+02    0.398930104531579732E+00
    0.159324704470984499E-03   -0.800924096531064009E+02    0.398935578096338395E+00
    0.159440654661791850E-03   -0.801038646442790281E+02    0.398936289826609058E+00
    0.173387407993648332E-03   -0.802815779673707652E+02    0.401054902673042779E+00
    0.172591889524473816E-03   -0.802823806555451824E+02    0.398947443912972211E+00
    0.178758982259903893E-03   -0.803625979419056904E+02    0.401049779067254031E+00
    0.182099497660247612E-03   -0.804096275367462283E+02    0.398955467531585950E+00
    0.181314300870578633E-03   -0.804109850689623471E+02    0.401046707201274721E+00
    0.200392597643403274E-03   -0.806210779417149865E+02    0.398968939171050141E+00
    0.205407264671626528E-03   -0.806805104110324578E+02    0.398972757559639624E+00
    0.204425231832369378E-03   -0.806809256687082410E+02    0.401029402323429707E+00
    0.203927860959423886E-03   -0.806860536975864164E+02    0.398973114428223197E+00
    0.207694832888930073E-03   -0.807326607860944989E+02    0.401026052561287483E+00
    0.228605019317533979E-03   -0.809345124962509033E+02    0.398989239627478232E+00
    0.231777156102096758E-03   -0.809720738325027156E+02    0.398991699901825814E+00
    0.231200219461843428E-03   -0.809770892525267527E+02    0.401010076496348289E+00
    0.233541095015040248E-03   -0.810072371952829116E+02    0.398994008578323955E+00
    0.297427290229257033E-03   -0.815008606655199088E+02    0.399026997623770641E+00
    0.297412834814763424E-03   -0.815107634601439486E+02    0.399027670918289057E+00
    0.313601557818243468E-03   -0.816267675924655123E+02    0.399035593189244975E+00
    0.315841644883416877E-03   -0.816510030088638814E+02    0.400964663932654619E+00
    0.332809247533512233E-03   -0.817656600717140236E+02    0.399045165292628901E+00
    0.346424565540435082E-03   -0.818558512621943208E+02    0.400950431381738526E+00
    0.377188729713052930E-03   -0.820360124234791783E+02    0.400937736075047568E+00
    0.390179443277091349E-03   -0.821137345690163443E+02    0.400932206054795737E+00
    0.392646235121324721E-03   -0.821363391632557267E+02    0.400930591561366845E+00
    0.394692633113858684E-03   -0.821567357164211103E+02    0.400929132372698949E+00
    0.396810334826625726E-03   -0.821774379214754589E+02    0.400927648977106865E+00
    0.404565962194702942E-03   -0.822261506687575974E+02    0.400924149148833064E+00
    0.409654920224942923E-03   -0.822611513751072749E+02    0.399080126807062507E+00
    0.422563095417745631E-03   -0.823331986283008348E+02    0.399085322007405818E+00
    0.420632624810863415E-03   -0.823340407356145079E+02    0.400916350203798511E+00
    0.430766896078287379E-03   -0.823916552793298820E+02    0.399089559058999732E+00
    0.431254913654842756E-03   -0.824039198049981678E+02    0.399090450527634200E+00
    0.441169701988145934E-03   -0.824593803068529354E+02    0.400907205964224300E+00
    0.447830618701951406E-03   -0.824993512358101952E+02    0.399097417293337198E+00
    0.445689021139282200E-03   -0.824997639740729625E+02    0.399097447541521877E+00
    0.445983392301019309E-03   -0.825110845091393941E+02    0.399098277581742045E+00
    0.447482231268957458E-03   -0.825277947410024382E+02    0.399099504205457034E+00
    0.466984553775020509E-03   -0.826231134438596797E+02    0.399106533415874487E+00
    0.477221025184142644E-03   -0.826764805779398984E+02    0.400891145906648760E+00
    0.485404971299763861E-03   -0.827204881502642309E+02    0.399113771971838449E+00
    0.518610266732602012E-03   -0.828628264203219800E+02    0.399124460955115834E+00
    0.518227915172471778E-03   -0.828713513528171859E+02    0.399125105296526561E+00
    0.531152165739920174E-03   -0.829306181698166398E+02    0.399129598091010895E+00
    0.562617027853207978E-03   -0.830557194043845470E+02    0.399139158733462340E+00
    0.576608291172396679E-03   -0.831148474095101335E+02    0.399143714735457678E+00
    0.575145844848771125E-03   -0.831197683841735682E+02    0.400857422550660980E+00
    0.617124442330386873E-03   -0.832706624663146613E+02    0.400845637299293289E+00
    0.623431879693508279E-03   -0.833010000893717262E+02    0.400843248012480724E+00
    0.638770690931641095E-03   -0.833596121481548522E+02    0.400838612699440044E+00
    0.663787130787880410E-03   -0.834464441043021026E+02    0.400831698267293979E+00
    0.668058667030940702E-03   -0.834692730696261123E+02    0.400829870856731829E+00
    0.666761539986047611E-03   -0.834753860219282302E+02    0.399172039155837155E+00
    0.665959481905720879E-03   -0.834829787418929357E+02    0.400828771815885554E+00
    0.694029656304063374E-03   -0.835755504645131708E+02    0.399180082331292596E+00
    0.701226730130016448E-03   -0.836061836262143885E+02    0.399182558007920740E+00
    0.707082494486158987E-03   -0.836328157635348362E+02    0.399184716458495736E+00
    0.710137835506231482E-03   -0.836514392518914036E+02    0.400815142461653728E+00
    0.736259314769556407E-03   -0.837336858535228288E+02    0.399192944128816896E+00
    0.759840286517173176E-03   -0.838067376042251766E+02    0.400802373468173989E+00
    0.759103635619373662E-03   -0.838147977012575467E+02    0.399199621680113359E+00
    0.766006250298730267E-03   -0.838429017392048053E+02    0.400799370763967211E+00
    0.786728338981756937E-03   -0.839062870870510977E+02    0.399207221228342235E+00
    0.806726893109307769E-03   -0.839664914576222543E+02    0.400789023090324714E+00
    0.802924908344132440E-03   -0.839670434718350407E+02    0.400788976568702215E+00
    0.839282220046075225E-03   -0.840656151336704198E+02    0.400780624992350010E+00
    0.837271273509753583E-03   -0.840708173207561629E+02    0.399221074902031736E+00
    0.833386506703652323E-03   -0.840715161368661938E+02    0.399221134270116795E+00
    0.845381830341878997E-03   -0.841100978715156486E+02    0.400776826822131282E+00
    0.869249590746513337E-03   -0.841757816806237145E+02    0.399230043589200945E+00
    0.927051955324593980E-03   -0.843145403019356650E+02    0.399242063082262844E+00
    0.979254148577155285E-03   -0.844341034985147161E+02    0.400748581779398483E+00
    0.984624912986626971E-03   -0.844550426197751420E+02    0.400746719756694458E+00
    0.103564632740332763E-02   -0.845660830439118172E+02    0.399264353821089435E+00
    0.103149774980614310E-02   -0.845680553825355616E+02    0.399264531277635337E+00
    0.102879798271712959E-02   -0.845728138658122219E+02    0.399264959587783241E+00
    0.103067552203525638E-02   -0.845864605062452313E+02    0.400734925891167493E+00
    0.103278964115829713E-02   -0.846005586997121810E+02    0.399267461893005382E+00
    0.112840265433572116E-02   -0.847876377433232165E+02    0.399284563492864730E+00
    0.112867428203810888E-02   -0.847981191229329454E+02    0.399285533771828405E+00
    0.113031898002255069E-02   -0.848110313906278890E+02    0.400714322692702407E+00
    0.115968940619250041E-02   -0.848723360704039180E+02    0.400708594466649803E+00
    0.116917915162157013E-02   -0.848986354839901480E+02    0.400706122873675852E+00
    0.119072889299832421E-02   -0.849451629079111399E+02    0.399299287801012259E+00
    0.120628291587122254E-02   -0.849811189605719335E+02    0.400698314543699863E+00
    0.120454345500505097E-02   -0.849882328777100042E+02    0.400697637017219721E+00
    0.120379001277249762E-02   -0.849969814857956862E+02    0.400696802902186844E+00
    0.120061853140246595E-02   -0.850017053721052775E+02    0.399304649185742933E+00
    0.121534276970951130E-02   -0.850360839424222803E+02    0.400693062528616473E+00
    0.125446461486205824E-02   -0.851094493981562721E+02    0.399314981932240687E+00
    0.126382637335920771E-02   -0.851343194853182297E+02    0.400683575645216228E+00
    0.127128054876346616E-02   -0.851560810356052542E+02    0.399319502695301087E+00
    0.127562249689351431E-02   -0.851729002230789689E+02    0.399321140655660933E+00
    0.127194958991155784E-02   -0.851771333055565094E+02    0.400679399636126199E+00
    0.130069157530185290E-02   -0.852318238464710021E+02    0.399326910524364476E+00
    0.130544414030850549E-02   -0.852491182789849802E+02    0.399328613447273773E+00
    0.134248488563392049E-02   -0.853150762163651706E+02    0.400665767100562287E+00
    0.137327095795065674E-02   -0.853704225478244183E+02    0.400660218411509617E+00
    0.143543321299452117E-02   -0.854689650269172461E+02    0.399350650913963878E+00
    0.142942678507068720E-02   -0.854705786670550793E+02    0.400650057223185752E+00
    0.142375728955871934E-02   -0.854726303499109576E+02    0.399351024681529831E+00
    0.142431063839521216E-02   -0.854834075067168158E+02    0.399352124922694118E+00
    0.141830442795577911E-02   -0.854849558250964066E+02    0.400648585571265092E+00
    0.145274354019478543E-02   -0.855429393691532738E+02    0.399358236592268101E+00
    0.146043629624421304E-02   -0.855635020866816518E+02    0.399360361200867653E+00
    0.145397716139549719E-02   -0.855646369815507768E+02    0.400640368188967311E+00
    0.146312478034539800E-02   -0.855871804567086372E+02    0.400638024150528960E+00
    0.147251219651550031E-02   -0.856099714771808635E+02    0.400635645603433899E+00
    0.149527346229749421E-02   -0.856506498545165300E+02    0.399369445213409613E+00
    0.149264169946675910E-02   -0.856571266440251691E+02    0.400630695910105805E+00
    0.149057939819380054E-02   -0.856643614428765119E+02    0.399370886432384664E+00
    0.150859558713571456E-02   -0.856983899250253955E+02    0.399374477524989113E+00
    0.158455909471762863E-02   -0.858066440283406990E+02    0.400614738718434837E+00
    0.160856113824406842E-02   -0.858467117913402262E+02    0.399390377706960009E+00
    0.161364424318019995E-02   -0.858630218908540854E+02    0.399392151588979505E+00
    0.166672902970340557E-02   -0.859377577202126588E+02    0.399400347071590167E+00
    0.170734080447780393E-02   -0.859959057884646683E+02    0.400593926535374123E+00
    0.179315684377907825E-02   -0.861039869712626285E+02    0.399418990810559704E+00
    0.180711744537981919E-02   -0.861294976467850262E+02    0.400578786580224111E+00
    0.180910426650683349E-02   -0.861416953232387499E+02    0.399423304076285957E+00
    0.184910745374857214E-02   -0.861954377689105939E+02    0.399429507857185728E+00
    0.184328986567144719E-02   -0.861991355295926809E+02    0.400570735598765326E+00
    0.185442691184292121E-02   -0.862211830502848784E+02    0.400568162904700487E+00
    0.185966080262763879E-02   -0.862368198522687095E+02    0.399434331260141606E+00
    0.194322502792788638E-02   -0.863347295951800078E+02    0.400554724732204936E+00
    0.199718821864904852E-02   -0.863995122398224993E+02    0.400546910088616315E+00
    0.199873032794088430E-02   -0.864110559243099488E+02    0.399455108800950365E+00
    0.199619390790889027E-02   -0.864185162812798779E+02    0.399456016191501617E+00
    0.199597742886635249E-02   -0.864282993777209185E+02    0.400543401533378751E+00
    0.200942348271054188E-02   -0.864517273512502982E+02    0.399460074132875598E+00
    0.201913120735400546E-02   -0.864713662854891396E+02    0.400538109932593644E+00
    0.207610560732538179E-02   -0.865370193076174417E+02    0.400529941704285131E+00
    0.207314087173873915E-02   -0.865441612117138845E+02    0.400529045550549356E+00
    0.211921637494164820E-02   -0.865981244102182188E+02    0.399478338621983786E+00
    0.219624935184817120E-02   -0.866795337692398675E+02    0.399488777964869368E+00
    0.220587438309041142E-02   -0.866982795902658410E+02    0.400509323686089824E+00
    0.220802306510197366E-02   -0.867102267874597175E+02    0.399492769672179115E+00
    0.220619383555064946E-02   -0.867185692072390566E+02    0.400506670224221428E+00
    0.220781802431283631E-02   -0.867300410554234844E+02    0.399495363366790979E+00
    0.220126381804287450E-02   -0.867340949547775466E+02    0.399495895670660905E+00
    0.221360691535075040E-02   -0.867552781854661532E+02    0.399498686376761003E+00
    0.222084792981991613E-02   -0.867718097850947316E+02    0.399500875127777766E+00
    0.222706436870902290E-02   -0.867874002217035780E+02    0.400497563302347703E+00
    0.222035708743344032E-02   -0.867913677047254737E+02    0.399503477036080523E+00
    0.221588115609326619E-02   -0.867973319134867864E+02    0.400496235480402141E+00
    0.222766525268995813E-02   -0.868179397686890155E+02    0.399507034115749671E+00
    0.222722217658272246E-02   -0.868275419349697870E+02    0.399508325853020929E+00
    0.221717523602948984E-02   -0.868284995773814501E+02    0.399508454866888296E+00
    0.221061437976563958E-02   -0.868325725920142588E+02    0.400491495061270741E+00
    0.220005618941424962E-02   -0.868329974397985467E+02    0.400491437634118042E+00
    0.220425940268242958E-02   -0.868468147998004127E+02    0.399510928858659853E+00
    0.220969941833740234E-02   -0.868617446313914456E+02    0.400487536154078116E+00
    0.220959932474935677E-02   -0.868716540345851200E+02    0.399514304268543063E+00
    0.221467633384135176E-02   -0.868862441747231458E+02    0.399516297923946939E+00
    0.221130893525582541E-02   -0.868932008756333119E+02    0.400483230974437832E+00
    0.220269947944699796E-02   -0.868953989270025886E+02    0.400482928711240305E+00
    0.219804366739121456E-02   -0.869011670837547712E+02    0.400482134608217910E+00
    0.219463766588876095E-02   -0.869080655592628943E+02    0.400481183175743771E+00
    0.220224209972868937E-02   -0.869249835937122555E+02    0.399521631811763978E+00
    0.219836156697886037E-02   -0.869314563196839032E+02    0.400477943062765018E+00
    0.219146141515583074E-02   -0.869351689066980953E+02    0.400477426772239797E+00
    0.223221651384190173E-02   -0.869820217268844118E+02    0.400470862613103828E+00
    0.223017246141748310E-02   -0.869901894773170028E+02    0.400469708921732614E+00
    0.225665033201872525E-02   -0.870237947581035201E+02    0.400464932114800276E+00
    0.227009833590648700E-02   -0.870456779391118971E+02    0.399538645548422056E+00
    0.231303539297523933E-02   -0.870931530082248742E+02    0.399545512653186219E+00
    0.230920990675619964E-02   -0.870998425070771134E+02    0.399546488635944330E+00
    0.229812206535333309E-02   -0.871002162306330945E+02    0.400453882379448456E+00
    0.229216226317677848E-02   -0.871050228220345417E+02    0.400453178404608257E+00
    0.229918766626405289E-02   -0.871211433823735746E+02    0.399549610494215335E+00
    0.230301174118106161E-02   -0.871344670765107026E+02    0.400448841926567489E+00
    0.232247019882265591E-02   -0.871612943586676749E+02    0.400444854119680393E+00
    0.236255416786674719E-02   -0.872055182550775925E+02    0.400438201247933001E+00
    0.236712928392855031E-02   -0.872193875351555903E+02    0.399564298980355392E+00
    0.236739533140170686E-02   -0.872296123074358434E+02    0.400434533829144568E+00
    0.235757359583765999E-02   -0.872312975440063099E+02    0.399566113485943730E+00
    0.234635927761470782E-02   -0.872317614049749039E+02    0.400434205206740002E+00
    0.236729534207660375E-02   -0.872595278336384865E+02    0.400429936835739742E+00
    0.239623937444560352E-02   -0.872938328006867295E+02    0.399575768324651637E+00
    0.238629728514096109E-02   -0.872955174614983065E+02    0.400424340560861514E+00
    0.239798355618479680E-02   -0.873152880369920865E+02    0.399579131900740181E+00
    0.238958652966651591E-02   -0.873182723401119176E+02    0.400420763893794274E+00
    0.238073840542664351E-02   -0.873208530263274127E+02    0.400420356336371630E+00
    0.240728520515198600E-02   -0.873530309217687346E+02    0.400415241067020311E+00
    0.242454255365736823E-02   -0.873773173762927371E+02    0.399589011365399427E+00
    0.241458426171449383E-02   -0.873790858862904685E+02    0.399589296526338456E+00
    0.241689226564125500E-02   -0.873909966927193125E+02    0.399591222255807066E+00
    0.242188410549764102E-02   -0.874051232249203451E+02    0.400406823894519537E+00
    0.244232002688863845E-02   -0.874319284749246748E+02    0.400402424141210467E+00
    0.243069474532244759E-02   -0.874323858782661034E+02    0.400402348647089179E+00
    0.243365674522951067E-02   -0.874448215577427277E+02    0.400400290697571326E+00
    0.242425693412434608E-02   -0.874470817554682185E+02    0.400399915527226480E+00
    0.243140204617068104E-02   -0.874629677678364601E+02    0.399603057466601186E+00
    0.243586049053279210E-02   -0.874766317950595322E+02    0.400394977771085681E+00
    0.242991773386845925E-02   -0.874817464432451715E+02    0.399606204087925299E+00
    0.241953812066526353E-02   -0.874831849638835024E+02    0.400393874373427772E+00
    0.242357699361986237E-02   -0.874965207292292177E+02    0.399608697525961176E+00
    0.245617052322303275E-02   -0.875332385167454134E+02    0.399614964351705459E+00
    0.245491046113787206E-02   -0.875422122155161446E+02    0.399616511533209595E+00
    0.244573771440746886E-02   -0.875447252406394938E+02    0.399616945932571910E+00
    0.245178805479159172E-02   -0.875596667917387492E+02    0.400380760593115059E+00
    0.244273824306653637E-02   -0.875622709201163474E+02    0.400380306131541019E+00
    0.243149693264472014E-02   -0.875630458171436175E+02    0.400380170795001933E+00
    0.243415533595511433E-02   -0.875752312619129185E+02    0.399622259061668650E+00
    0.243016068953245653E-02   -0.875819464035281356E+02    0.399623438693791133E+00
    0.241812422534147184E-02   -0.875820158906717268E+02    0.399623450919764256E+00
    0.241118049794383001E-02   -0.875862645599269598E+02    0.399624199211930320E+00
    0.240202531281687951E-02   -0.875886561620915245E+02    0.400375670522807314E+00
    0.240079669036544034E-02   -0.875976329116130188E+02    0.400374080321884374E+00
    0.239738958229901520E-02   -0.876047925811669188E+02    0.400372807153862698E+00
    0.242693794754931472E-02   -0.876392923561662229E+02    0.399633667392949921E+00
    0.241700240388578041E-02   -0.876410878310267094E+02    0.400366284957298091E+00
    0.240856578803626785E-02   -0.876440945617495544E+02    0.399634536959518505E+00
    0.239710611859048290E-02   -0.876445560902185150E+02    0.399634620640604565E+00
    0.240439726990827798E-02   -0.876606301518879718E+02    0.399637547143238736E+00
    0.242745897946582221E-02   -0.876897216839911664E+02    0.400357359184059403E+00
    0.242038079776723007E-02   -0.876938814029145419E+02    0.399643677353228588E+00
    0.242609474266791388E-02   -0.877085973640293872E+02    0.399646424355978469E+00
    0.242237419034735174E-02   -0.877155278976866981E+02    0.399647725494324313E+00
    0.241233453522014894E-02   -0.877172215693198183E+02    0.400352212144434727E+00
    0.242047913993072945E-02   -0.877339626629921128E+02    0.400349041659796456E+00
    0.242629666892369474E-02   -0.877487638190728916E+02    0.399654033275745890E+00
    0.243891734093045582E-02   -0.877691400946407612E+02    0.399657958027130833E+00
    0.244808988864236897E-02   -0.877866478048218255E+02    0.400338870672219405E+00
    0.243747511798800493E-02   -0.877879570701023084E+02    0.400338614029387641E+00
    0.242557863767886876E-02   -0.877881718572398455E+02    0.400338571908150642E+00
    0.242336776068913283E-02   -0.877963480572129527E+02    0.399663270046084651E+00
    0.242566755085911597E-02   -0.878082451688606369E+02    0.400334612015912750E+00
    0.241362203359607279E-02   -0.878082887139475048E+02    0.399665627983748439E+00
    0.240968521205350925E-02   -0.878150238815689903E+02    0.400333264152873070E+00
    0.240653832940744376E-02   -0.878224103126041769E+02    0.399668438259400127E+00
    0.239946483553431754E-02   -0.878265230930265517E+02    0.400330965136538819E+00
    0.240991147591047708E-02   -0.878452116681177557E+02    0.400327194341144166E+00
    0.239936516747835549E-02   -0.878464400160632977E+02    0.400326944975657184E+00
    0.239073936494934528E-02   -0.878492369900798025E+02    0.400326376455104826E+00
    0.238228835818108048E-02   -0.878521546799909885E+02    0.399674436983592674E+00
    0.240263664471868739E-02   -0.878791651110336005E+02    0.400320230074075134E+00
    0.240992500160941122E-02   -0.878952228931449895E+02    0.400316883175036164E+00
    0.241287378832122541E-02   -0.879076685992237543E+02    0.399685939454201888E+00
    0.240200513833229790E-02   -0.879086393641259320E+02    0.399686144350438088E+00
    0.239192832768882636E-02   -0.879102313830340165E+02    0.400313722729926214E+00
    0.239175537797097848E-02   -0.879200867666851451E+02    0.399688570694243572E+00
    0.238164312287307165E-02   -0.879216129129110158E+02    0.400311304669763612E+00
    0.237045414452478247E-02   -0.879221947563410566E+02    0.400311180550015466E+00
    0.236753175798954611E-02   -0.879297275587039167E+02    0.399690628891947619E+00
    0.235870832877464612E-02   -0.879322599402132994E+02    0.399691171803073342E+00
    0.235229713817489963E-02   -0.879368163510664687E+02    0.400308045045447869E+00
    0.235188631922100128E-02   -0.879464670288440971E+02    0.400305957935160217E+00
    0.234817119041508043E-02   -0.879533052551236096E+02    0.400304470409651947E+00
    0.233667960303166316E-02   -0.879534935356577421E+02    0.399695762174731739E+00
    0.232717067310015107E-02   -0.879553380910833482E+02    0.399696164215848193E+00
    0.232142218322472669E-02   -0.879603916541866226E+02    0.399697268433256259E+00
    0.231264290803108105E-02   -0.879628136115616712E+02    0.400302389898946676E+00
    0.230459155051525484E-02   -0.879658385569061494E+02    0.399698463128617898E+00
    0.230073942111430575E-02   -0.879724927558568197E+02    0.400300257225987943E+00
    0.230670018172767204E-02   -0.879876676594498974E+02    0.399703299322708372E+00
    0.229652197189123821E-02   -0.879888232230235445E+02    0.400296624296510584E+00
    0.231786240821465301E-02   -0.880173224087988615E+02    0.400290175447225838E+00
    0.231078182648783480E-02   -0.880212034790295093E+02    0.399710886830089485E+00
    0.231277378276174665E-02   -0.880329267903210848E+02    0.400286583040848520E+00
    0.230209985900746254E-02   -0.880336750156316725E+02    0.400286409654998288E+00
    0.229556761745125818E-02   -0.880379919200316152E+02    0.399714761098652283E+00
    0.228715602517828636E-02   -0.880406499091443209E+02    0.399715379322725162E+00
    0.227696692988021629E-02   -0.880417201652920340E+02    0.399715628634440934E+00
    0.227023620066996298E-02   -0.880457993969140915E+02    0.400283585315612589E+00
    0.226854473937107906E-02   -0.880543087223038583E+02    0.399718577677719955E+00
    0.226243591530899367E-02   -0.880589157813676167E+02    0.399719664705933841E+00
    0.227181688091374978E-02   -0.880771914372792821E+02    0.399724019031208189E+00
    0.226885909533474425E-02   -0.880845858463823959E+02    0.400274355087809230E+00
    0.226239825753617434E-02   -0.880888824915086701E+02    0.399726840953547047E+00
    0.225515702338404539E-02   -0.880924708463567612E+02    0.400272440437852484E+00
    0.225141001649123602E-02   -0.880991450263051803E+02    0.399729342336253901E+00
    0.224094877598012259E-02   -0.880998303122283062E+02    0.399729510191925652E+00
    0.223540261589922013E-02   -0.881048743448045428E+02    0.400269401084378362E+00
    0.222509962414619428E-02   -0.881056350174626317E+02    0.400269213573377858E+00
    0.222032440883274248E-02   -0.881113382690627418E+02    0.399732344719585686E+00
    0.221693156112514646E-02   -0.881182797586754276E+02    0.400266077219610883E+00
    0.220592646932914454E-02   -0.881183268147353687E+02    0.400266065479013500E+00
    0.219988454350461375E-02   -0.881228413959605774E+02    0.400264936662982795E+00
    0.219092638795739857E-02   -0.881246805636074413E+02    0.399735669141968564E+00
    0.219821109996657911E-02   -0.881413194248580965E+02    0.400260265476388599E+00
    0.218897385048619263E-02   -0.881428973836313503E+02    0.400259862685250656E+00
    0.218543755061231804E-02   -0.881496637594291741E+02    0.399742009335839921E+00
    0.218190088358564613E-02   -0.881564245620525213E+02    0.399743752071434422E+00
    0.217204755930130175E-02   -0.881573722351956945E+02    0.400256138292823693E+00
    0.216286289002064072E-02   -0.881588971507555925E+02    0.400255742775254497E+00
    0.217465375801902247E-02   -0.881797705587424474E+02    0.400250266057474435E+00
    0.216808990543100426E-02   -0.881837247424612656E+02    0.399750913346682835E+00
    0.215826553712403528E-02   -0.881846414525427207E+02    0.399751157393543333E+00
    0.215380118038250050E-02   -0.881905001823545689E+02    0.400247403707813421E+00
    0.214847856401660002E-02   -0.881955515324315655E+02    0.399754080485489327E+00
    0.214011315961481477E-02   -0.881977490503574870E+02    0.399754673474598865E+00
    0.213751357288598752E-02   -0.882053181818302363E+02    0.400243395404067170E+00
    0.214329764677478754E-02   -0.882207228372676013E+02    0.399760960964322232E+00
    0.213931625492757562E-02   -0.882270041803112548E+02    0.399762709071194822E+00
    0.213860205474001057E-02   -0.882363363786914050E+02    0.400234783635832037E+00
    0.213160501291796787E-02   -0.882397820847442063E+02    0.400233807424065613E+00
    0.212929531008937672E-02   -0.882476138077325913E+02    0.399768537535770851E+00
    0.211910035597378393E-02   -0.882480149148923232E+02    0.400231458301580578E+00
    0.211135599596072284E-02   -0.882506924248158811E+02    0.400230689160557929E+00
    0.210913458333342619E-02   -0.882585870649856048E+02    0.400228406282267468E+00
    0.210068598162658354E-02   -0.882605595370480529E+02    0.399772274950838891E+00
    0.210240504975828680E-02   -0.882721955408507171E+02    0.399775687421700721E+00
    0.209508917113276037E-02   -0.882752238709462489E+02    0.399776584088452624E+00
    0.208985924981621623E-02   -0.882802250766834788E+02    0.399778072846812882E+00
    0.208276338401388195E-02   -0.882834227623930445E+02    0.400221071022116959E+00
    0.207421344988049407E-02   -0.882851956814818095E+02    0.400220538064708586E+00
    0.206757775371830101E-02   -0.882887871480588728E+02    0.399780645074840013E+00
    0.205929419074893285E-02   -0.882907582349202471E+02    0.400218857486857482E+00
    0.206076991331572866E-02   -0.883021909530456242E+02    0.399784733616878940E+00
    0.205304774736918836E-02   -0.883046824286981860E+02    0.400214593001270935E+00
    0.204444506508553048E-02   -0.883062844201428732E+02    0.399785997821012540E+00
    0.203720603440432548E-02   -0.883091901946984450E+02    0.399786899779077776E+00
    0.203058320855428872E-02   -0.883126777317301759E+02    0.399787987387068500E+00
    0.202087107993495540E-02   -0.883130889307401219E+02    0.399788115989949955E+00
    0.201322469019336132E-02   -0.883155071584328937E+02    0.400211218335479568E+00
    0.200559563022372411E-02   -0.883179138165807274E+02    0.400210460699610804E+00
    0.200961416760615233E-02   -0.883319171328969333E+02    0.399794090605298302E+00
    0.200084468984987806E-02   -0.883331705110813630E+02    0.400205592868018156E+00
    0.199210158015813727E-02   -0.883344119422717000E+02    0.400205191697221685E+00
    0.198263490176494488E-02   -0.883348850754352384E+02    0.399795048301633038E+00
    0.197353735853072945E-02   -0.883356867304978977E+02    0.399795307748940287E+00
    0.197014262970830311E-02   -0.883422435204290935E+02    0.400202642612236925E+00
    0.196119981403312374E-02   -0.883431445103804833E+02    0.399797737340351400E+00
    0.195182186394849007E-02   -0.883435580896436363E+02    0.400202211588111534E+00
    0.194428717680578231E-02   -0.883458224780813453E+02    0.399798616924043226E+00
    0.194165989141171537E-02   -0.883531180811883701E+02    0.400199048980039718E+00
    0.193223086608712048E-02   -0.883533820875477431E+02    0.400198960929372016E+00
    0.192370811168594987E-02   -0.883545409016998065E+02    0.399801507523024457E+00
    0.191924961533047260E-02   -0.883599002070343289E+02    0.400196774537721289E+00
    0.191238639893444740E-02   -0.883627354098454134E+02    0.399804263354873290E+00
    0.190627356017841862E-02   -0.883663322799067856E+02    0.399805485327772825E+00
    0.190075280591652115E-02   -0.883705316811181802E+02    0.399806921791178826E+00
    0.189812792357065864E-02   -0.883777678325527489E+02    0.400190652701340466E+00
    0.189172203848273260E-02   -0.883810067298677637E+02    0.400189521827197026E+00
    0.188371220374603985E-02   -0.883825204512143756E+02    0.400188990986344362E+00
    0.187564252543885460E-02   -0.883839342003465731E+02    0.399811579587999844E+00
    0.186929447222474766E-02   -0.883871537826272089E+02    0.399812715759614135E+00
    0.186336786857727857E-02   -0.883908027033312891E+02    0.399814011837668737E+00
    0.185654395586170554E-02   -0.883934649806194841E+02    0.399814963196333362E+00
    0.184975868745013042E-02   -0.883961420211689415E+02    0.399815924791298682E+00
    0.184054129857623666E-02   -0.883961510631687872E+02    0.399815928047708824E+00
    0.183159744192008941E-02   -0.883964086487627299E+02    0.400184049181433688E+00
    0.182370070876134425E-02   -0.883977672245962083E+02    0.399816511025287868E+00
    0.181601892671358627E-02   -0.883993250430844313E+02    0.399817074717082943E+00
    0.180847095030492108E-02   -0.884009950572645096E+02    0.400182387819510710E+00
    0.180154719490232379E-02   -0.884033233352801062E+02    0.400181538618752219E+00
    0.179774762484329726E-02   -0.884091007620698548E+02    0.400179414047331816E+00
    0.179290323583756583E-02   -0.884137040892848489E+02    0.399822362212144955E+00
    0.178734586804281978E-02   -0.884174951668363462E+02    0.400176281518707155E+00
    0.178311964931132075E-02   -0.884227605229254436E+02    0.399825774853793614E+00
    0.177591702313032698E-02   -0.884246654829728698E+02    0.400173561040166936E+00
    0.177057468923141155E-02   -0.884286399925749578E+02    0.399828026622347843E+00
    0.176305665218282883E-02   -0.884301297121684229E+02    0.400171458902795762E+00
    0.175809666898088870E-02   -0.884344952100265118E+02    0.399830298810154972E+00
    0.175380866398550279E-02   -0.884396112433819326E+02    0.399832309363216343E+00
    0.174793624665880174E-02   -0.884429032472467327E+02    0.399833615942347786E+00
    0.173941208284069272E-02   -0.884431259838488018E+02    0.400166352488761257E+00
    0.173278912474082530E-02   -0.884454962806882463E+02    0.399834652376474309E+00
    0.172433601538191897E-02   -0.884457157539645493E+02    0.399834740398345989E+00
    0.171777090787845164E-02   -0.884480865714776172E+02    0.399835694245012696E+00
    0.170992313470157815E-02   -0.884489284765113268E+02    0.399836034302900656E+00
    0.170218749845599303E-02   -0.884498600138141740E+02    0.399836411388788726E+00
    0.169726296670237608E-02   -0.884540655064385675E+02    0.400161929494042667E+00
    0.168918297838687934E-02   -0.884545215730294387E+02    0.399838311603663066E+00
    0.168522004243701448E-02   -0.884598239269600555E+02    0.400159552063631463E+00
    0.167986328232908348E-02   -0.884634564595119315E+02    0.400158033943900759E+00
    0.167204791096224516E-02   -0.884641299767040152E+02    0.400157750860691552E+00
    0.166480706121025380E-02   -0.884654501135664475E+02    0.399842856559644244E+00
    0.165739546880891236E-02   -0.884665263894643346E+02    0.400156739490667379E+00
    0.165225230797052722E-02   -0.884703104229019175E+02    0.399844920670358539E+00
    0.164445720026569985E-02   -0.884708523590808085E+02    0.400154897069482207E+00
    0.164566271795535770E-02   -0.884823179807281264E+02    0.400149904435140535E+00
    0.163946577179587363E-02   -0.884847725181635383E+02    0.399851231913693872E+00
    0.163166117465161908E-02   -0.884852288812684833E+02    0.399851435435799929E+00
    0.162354875809843043E-02   -0.884852603280685059E+02    0.399851449470255027E+00
    0.161584541461083121E-02   -0.884857482309322023E+02    0.399851667387598309E+00
    0.161009265041793179E-02   -0.884886150868047423E+02    0.400147090356983481E+00
    0.160276312048800314E-02   -0.884894898186098970E+02    0.400146695184853740E+00
    0.159590166647335745E-02   -0.884909094077248568E+02    0.400146051591356300E+00
    0.158861945468062940E-02   -0.884917623815828733E+02    0.399854380347806515E+00
    0.158343379764170960E-02   -0.884952231954519135E+02    0.400144078233999612E+00
    0.157650427021294648E-02   -0.884964514557685220E+02    0.400143511401400531E+00
    0.157094927472514832E-02   -0.884993917788883806E+02    0.399857896482567532E+00
    0.156820901185537030E-02   -0.885059000612805136E+02    0.399860966228858417E+00
    0.156124611762169111E-02   -0.885070002299228094E+02    0.399861491867969210E+00
    0.157521789086108115E-02   -0.885248271839888048E+02    0.400129728822504749E+00
    0.157911803030251268E-02   -0.885297729367892572E+02    0.400127173882773135E+00
    0.163006918031722843E-02   -0.885932848834239195E+02    0.400088004450976975E+00
    0.164423613126582708E-02   -0.886105918087164355E+02    0.400073812253354533E+00
    0.159655357308563918E-02   -0.885517345501495043E+02    0.399884881213440568E+00
    0.159640487522625047E-02   -0.885515482679138870E+02    0.399884773967291496E+00
    0.167180637220164198E-02   -0.886438493754769610E+02    0.399967822974040876E+00
    0.164098805911666633E-02   -0.886066370427470247E+02    0.400077285286980167E+00
    0.157612063773659755E-02   -0.885259730423496478E+02    0.399870893100243763E+00
    0.167792342040335492E-02   -0.886511539109231990E+02    0.399991851338274973E+00
    0.165212485781581170E-02   -0.886201644758318849E+02    0.399935370766609288E+00
    0.158049074175675231E-02   -0.885315107614879935E+02    0.400126263866303400E+00
    0.167025039650728628E-02   -0.886419870781978148E+02    0.400035813117408878E+00
    0.163518280478054385E-02   -0.885995491823719874E+02    0.400083147660805993E+00
    0.162521073195850702E-02   -0.885873149489211329E+02    0.400092395798315736E+00
    0.162189934180828133E-02   -0.885832357631554146E+02    0.399904738704801754E+00
    0.159731920831921652E-02   -0.885526934302310167E+02    0.399885434847536358E+00
    0.165388177921835895E-02   -0.886222902084886357E+02    0.400062417920100222E+00
    0.167075420352587735E-02   -0.886425902584776679E+02    0.399965324654478760E+00
    0.167832406716786255E-02   -0.886516314046335339E+02    0.399998251591953513E+00
    0.167590101500219874E-02   -0.886487418518721171E+02    0.400019657162652809E+00
    0.158005056128117057E-02   -0.885309536664384780E+02    0.400126556302922376E+00
    0.157804272785783215E-02   -0.885284105703231461E+02    0.400127882763195497E+00
    0.167422018348784268E-02   -0.886467349613080984E+02    0.400025547196107389E+00
    0.167060289038672570E-02   -0.886424091187371346E+02    0.399964979902961260E+00
    0.165704275512861053E-02   -0.886261090534521401E+02    0.400058217604878474E+00
    0.160745210739703451E-02   -0.885653407386923845E+02    0.399893004934938401E+00
    0.166676966563193349E-02   -0.886378148142343179E+02    0.399957153540547672E+00
    0.166588546201041341E-02   -0.886367535539377656E+02    0.399955541164651818E+00
    0.162699271777705661E-02   -0.885895066764983596E+02    0.399909208768527646E+00
    0.160577026661198061E-02   -0.885632470884648200E+02    0.400108309049898969E+00
    0.165458525136199727E-02   -0.886231407197952166E+02    0.400061507277986284E+00
    0.165970102716712507E-02   -0.886293149358261587E+02    0.399945564240928308E+00
    0.166966467472780267E-02   -0.886412855971445595E+02    0.400037089745050534E+00
    0.167235107117021304E-02   -0.886445008985976415E+02    0.400030806793767957E+00
    0.167745776372293519E-02   -0.886505987946394072E+02    0.400011834170820368E+00
    0.167164707663449981E-02   -0.886436587993918437E+02    0.399967432523827660E+00
    0.165824150744834178E-02   -0.886275553877957805E+02    0.400056545406285102E+00
    0.164665663676660324E-02   -0.886135338747245100E+02    0.400071118655059010E+00
    0.162648249725447767E-02   -0.885888793835355557E+02    0.400091265462764412E+00
    0.167767954690608428E-02   -0.886508632049009719E+02    0.399989754758253435E+00
    0.162058700050162364E-02   -0.885816168309660128E+02    0.399903618362847435E+00
    0.156480375016133304E-02   -0.885115608055050984E+02    0.399863692446858709E+00
    0.158100265398738830E-02   -0.885321584455676742E+02    0.399874109757791751E+00
    0.156787101607127255E-02   -0.885154772885350951E+02    0.400134426351512584E+00
    0.166337817304700714E-02   -0.886337411287143340E+02    0.400048750806743181E+00
    0.167011052842848829E-02   -0.886418195896155652E+02    0.399963880667489058E+00
    0.162354507524376359E-02   -0.885852641245938628E+02    0.400093856949161275E+00
    0.166553513782214942E-02   -0.886363329235441455E+02    0.400045086146348428E+00
    0.167760841486002863E-02   -0.886507784049709784E+02    0.400010780512482456E+00
    0.166987965519116910E-02   -0.886415430939075009E+02    0.399963376479106070E+00
    0.156525464950975465E-02   -0.885121370239572371E+02    0.400136065254215356E+00
    0.162347678895613740E-02   -0.885851800028472383E+02    0.399906101837589012E+00
    0.167135717859837876E-02   -0.886433119281171287E+02    0.400033268670248798E+00
    0.158599955259341443E-02   -0.885384696539933174E+02    0.400122552162971157E+00
    0.167057659672041115E-02   -0.886423776404326418E+02    0.400035082206950388E+00
    0.158467369030950074E-02   -0.885367969967882118E+02    0.400123454501807863E+00
    0.167795896656776182E-02   -0.886511962797076905E+02    0.400007796287257578E+00
    0.161019606459379878E-02   -0.885687518734283969E+02    0.400104882493843628E+00
    0.158799800277666862E-02   -0.885409881820167044E+02    0.399878849521146607E+00
    0.166686475383174540E-02   -0.886379289097683483E+02    0.400042673251456149E+00
    0.163684067171443199E-02   -0.886015759001968064E+02    0.400081514404082295E+00
    0.159256366993988565E-02   -0.885467301493408314E+02    0.399882033967640438E+00
    0.160179606268161809E-02   -0.885582910494545246E+02    0.399888721756598398E+00
    0.165457594716357211E-02   -0.886231294732008479E+02    0.399938488417542815E+00
    0.163629768859732661E-02   -0.886009123375088734E+02    0.399917961196613270E+00
    0.161942259088432793E-02   -0.885801792924222724E+02    0.399902634358042464E+00
    0.162416362176727815E-02   -0.885860259497311517E+02    0.399906701161977129E+00
    0.167685904890689194E-02   -0.886498848312831171E+02    0.399984678383418835E+00
    0.163889440531021563E-02   -0.886040837145549034E+02    0.399920566052344884E+00
    0.167388224609915583E-02   -0.886463312252851523E+02    0.400026574868678875E+00
    0.164325260279692110E-02   -0.886093951159484163E+02    0.399925131421847713E+00
    0.166807871316901834E-02   -0.886393849577078754E+02    0.400040346257696910E+00
    0.156823044026650109E-02   -0.885159357229343726E+02    0.400134199859105588E+00
    0.164808257584408199E-02   -0.886152650456299966E+02    0.400069484918253671E+00
    0.163177240546331318E-02   -0.885953735505232771E+02    0.400086415411858909E+00
    0.167731113721677973E-02   -0.886504239670902336E+02    0.400012776592213737E+00
    0.167262998714193300E-02   -0.886448344322918587E+02    0.399969921854307187E+00
    0.165332354249964259E-02   -0.886216150321149740E+02    0.399936876759793947E+00
    0.167831071256811814E-02   -0.886516154903615075E+02    0.399997726649368501E+00
    0.167770476476462979E-02   -0.886508932674585850E+02    0.399989951270205646E+00
    0.166379347114491084E-02   -0.886342404093580427E+02    0.400048066579493322E+00
    0.157683236233298113E-02   -0.885268759731684156E+02    0.399871357644762671E+00
    0.166776322800230871E-02   -0.886390066602067179E+02    0.400040963547484529E+00
    0.167107742915033070E-02   -0.886429771428704072E+02    0.399966072717203969E+00
    0.162456044726841950E-02   -0.885865145421688993E+02    0.399907049073960963E+00
    0.167826848368013838E-02   -0.886515651666414186E+02    0.399996558479157771E+00
    0.165944547673422529E-02   -0.886290069645653489E+02    0.400054815890511228E+00
    0.165969771313795962E-02   -0.886293109422966978E+02    0.399945559375807225E+00
    0.163585640970310888E-02   -0.886003729021600037E+02    0.399917526312513982E+00
    0.166339838355159149E-02   -0.886337654291195349E+02    0.399951287180171977E+00
    0.159649740694948138E-02   -0.885516641896867185E+02    0.400115186736197781E+00
    0.167115862497251326E-02   -0.886430743183192789E+02    0.399966263217942930E+00
    0.167481924434003900E-02   -0.886474504630171651E+02    0.400023616365226542E+00
    0.167558387523910257E-02   -0.886483633453003392E+02    0.400020895461718040E+00
    0.163151250963011925E-02   -0.885950549809340373E+02    0.400086659659394217E+00
    0.167780190401408042E-02   -0.886510090642774458E+02    0.399990747125239243E+00
    0.163041398786510508E-02   -0.885937078974759800E+02    0.399912330945735306E+00
    0.162360232935269185E-02   -0.885853346530938666E+02    0.399906211115838239E+00
    0.164128490348461440E-02   -0.886069987973873481E+02    0.400076974108041661E+00
    0.157827150200174769E-02   -0.885287004960119788E+02    0.400127732235496747E+00
    0.159403208027589205E-02   -0.885485733833812247E+02    0.400116953674027165E+00
    0.162635966574360301E-02   -0.885887283383820829E+02    0.400091375205593014E+00
    0.166923607358665255E-02   -0.886407721333721241E+02    0.399962005961516098E+00
    0.167691144728282873E-02   -0.886499473261687996E+02    0.400015049112159016E+00
    0.156756886911725525E-02   -0.885150918281646000E+02    0.400134616495851414E+00
    0.167142630828584363E-02   -0.886433946492239500E+02    0.400033103314230198E+00
    0.160695878381136663E-02   -0.885647268487993529E+02    0.400107398686471105E+00
    0.157918893562919828E-02   -0.885298627384804320E+02    0.399872906393374139E+00
    0.160887570291159531E-02   -0.885671111995303164E+02    0.399894107837576229E+00
    0.157018621177111291E-02   -0.885184284088644091E+02    0.400132961582603086E+00
    0.167322431662131018E-02   -0.886455449587304543E+02    0.400028469976836887E+00
    0.166263709134122258E-02   -0.886328498739735835E+02    0.400049948915340570E+00
    0.167750892266657365E-02   -0.886506597895146768E+02    0.400011487195304161E+00
    0.159429332485678176E-02   -0.885489011348473127E+02    0.400116767573442611E+00
    0.160869775408898318E-02   -0.885668899783831733E+02    0.399893969401225347E+00
    0.158287290483877718E-02   -0.885345229520527823E+02    0.399875361335454038E+00
    0.161749525268035021E-02   -0.885777975965932285E+02    0.400098994654611961E+00
    0.158807853960391313E-02   -0.885410896113446029E+02    0.399878905046158473E+00
    0.163472199438921724E-02   -0.885989854835211901E+02    0.400083596254618756E+00
    0.164061299278154106E-02   -0.886061798679340882E+02    0.400077676762964574E+00
    0.161164673156104308E-02   -0.885705529135871643E+02    0.399896285407811580E+00
    0.167794900299079943E-02   -0.886511844038433310E+02    0.400007896682795960E+00
    0.167751416477126213E-02   -0.886506660393729362E+02    0.399988549222589806E+00
    0.159323930103050650E-02   -0.885475784517712157E+02    0.400117516801687778E+00
    0.158327597007982645E-02   -0.885350321703607648E+02    0.400124399469455438E+00
    0.160869642016510080E-02   -0.885668883199927990E+02    0.400106054889555751E+00
    0.159728992827465463E-02   -0.885526567684131720E+02    0.399885413630693187E+00
    0.156354273245901555E-02   -0.885099484294110539E+02    0.400137128472671633E+00
    0.163225148824242125E-02   -0.885959606574785568E+02    0.400085963459020755E+00
    0.167808606945026939E-02   -0.886513477709793563E+02    0.399993621632492025E+00
    0.160004016859618525E-02   -0.885560974403694559E+02    0.399887422234832701E+00
    0.167782854774016824E-02   -0.886510408243016457E+02    0.400009022501147560E+00
    0.163241127923956903E-02   -0.885961564400247568E+02    0.400085812217225889E+00
    0.164920392029353205E-02   -0.886166253696345905E+02    0.400068173698509055E+00
    0.163526791165473167E-02   -0.885996532742927485E+02    0.400083064559119239E+00
    0.161263993648997597E-02   -0.885717850682465979E+02    0.399897076193602707E+00
    0.166794040794531330E-02   -0.886392191250567265E+02    0.399959385400273981E+00
    0.156813855267324892E-02   -0.885158185331604841E+02    0.400134257793790415E+00
    0.164660619356265777E-02   -0.886134726063635583E+02    0.400071175788181910E+00
    0.165339834681538862E-02   -0.886217055196954391E+02    0.400063036317599985E+00
    0.159485548860237628E-02   -0.885496062305130209E+02    0.400116366204524676E+00
    0.166978820512656825E-02   -0.886414335619798379E+02    0.400036824146314973E+00
    0.156725274156387117E-02   -0.885146884526699580E+02    0.399865222383006313E+00
    0.164933400327193927E-02   -0.886167831158621482E+02    0.399931989554768497E+00
    0.166268618769401725E-02   -0.886329089315131711E+02    0.399950134727439066E+00
    0.161284496084728064E-02   -0.885720393237946553E+02    0.399897240130200005E+00
    0.157901796460030940E-02   -0.885296461965825046E+02    0.400127239996076856E+00
    0.158267103994445932E-02   -0.885342678743813138E+02    0.399875225713707760E+00
    0.164079410445721577E-02   -0.886064006411213114E+02    0.399922524451244987E+00
    0.164396237496191276E-02   -0.886102587919547915E+02    0.400074110979434794E+00
    0.162636499144343163E-02   -0.885887348875989886E+02    0.399908646810609059E+00
    0.166785302849448537E-02   -0.886391143470451226E+02    0.400040788779716661E+00
    0.162048835628120940E-02   -0.885814950883842016E+02    0.400096484606553227E+00
    0.163031801530141396E-02   -0.885935901661645744E+02    0.399912241939399726E+00
    0.163190016536720836E-02   -0.885955301347408266E+02    0.399913720291148966E+00
    0.166840046959254042E-02   -0.886397707013698550E+02    0.399960296321642372E+00
    0.165800828464495419E-02   -0.886272740787046160E+02    0.400056874496278470E+00
    0.163264276366723114E-02   -0.885964400303421087E+02    0.399914422476580045E+00
    0.164538874232878786E-02   -0.886119933194107148E+02    0.399927469302411964E+00
    0.167830063447773812E-02   -0.886516034805226099E+02    0.400002600273599185E+00
    0.165829136522971377E-02   -0.886276155202091047E+02    0.400056474811535223E+00
    0.162972432631472907E-02   -0.885928617228733088E+02    0.399911693222485487E+00
    0.166842886497384430E-02   -0.886398047401275591E+02    0.399960353221947784E+00
    0.162844208144038039E-02   -0.885912875307909218E+02    0.400089497639541380E+00
    0.165193673776856554E-02   -0.886199367318361908E+02    0.399935137495234683E+00
    0.162575494348849228E-02   -0.885879845487747133E+02    0.400091913700014068E+00
    0.157044287047184285E-02   -0.885187552971337084E+02    0.400132798340286977E+00
    0.163271114002835590E-02   -0.885965237901588409E+02    0.400085527718171297E+00
    0.161392949918731264E-02   -0.885733837479486255E+02    0.400101910109787962E+00
    0.167699617175059881E-02   -0.886500483718473475E+02    0.399985403511997684E+00
    0.167287904290693186E-02   -0.886451322115095763E+02    0.399970585806845524E+00
    0.157824584213179684E-02   -0.885286679793270963E+02    0.399872284611766549E+00
    0.162132625815357553E-02   -0.885825289561288827E+02    0.399904247963791315E+00
    0.165059518042171157E-02   -0.886183118483178731E+02    0.399933496920797826E+00
    0.156861959216079549E-02   -0.885164319556420480E+02    0.399866082834473446E+00
    0.167680773747431056E-02   -0.886498236308886192E+02    0.399984415698273976E+00
    0.156174282460032690E-02   -0.885076447576027334E+02    0.400138238765977650E+00
    0.165056174238511523E-02   -0.886182713315688915E+02    0.400066552628156491E+00
    0.167706281853851865E-02   -0.886501278537981676E+02    0.399985769266837377E+00
    0.156939935950812549E-02   -0.885174259169601783E+02    0.400133460965018506E+00
    0.164787573587694839E-02   -0.886150140230771086E+02    0.399930285866293533E+00
    0.164667045217395803E-02   -0.886135506546033156E+02    0.399928907453201588E+00
    0.167833330108723149E-02   -0.886516424083415160E+02    0.399998736206894356E+00
    0.166548511756469840E-02   -0.886362728575540046E+02    0.400045174441133855E+00
    0.156849604336467378E-02   -0.885162744239338934E+02    0.399866004862455826E+00
    0.167829984483589250E-02   -0.886516025395207237E+02    0.399997375846143755E+00
    0.163923190718903537E-02   -0.886044955374657235E+02    0.400079102333001257E+00
    0.167137886474768584E-02   -0.886433378782956964E+02    0.400033216885533061E+00
    0.160926918982326342E-02   -0.885676002849217383E+02    0.400105608515199218E+00
    0.163519035143610040E-02   -0.885995584127016116E+02    0.399916873996233213E+00
    0.157531455517754930E-02   -0.885249499115825103E+02    0.400129666031205367E+00
    0.159758656921538036E-02   -0.885530281642299570E+02    0.400114398309777686E+00
    0.167732827478641179E-02   -0.886504444015602644E+02    0.400012670056878072E+00
    0.158676941141617416E-02   -0.885394402369088738E+02    0.400122025510111612E+00
    0.165396551924268365E-02   -0.886223914707499034E+02    0.399937697831185268E+00
    0.160421760891219065E-02   -0.885613123050561768E+02    0.400109487933822505E+00
    0.157189894134985349E-02   -0.885206087822978560E+02    0.399868167027077448E+00
    0.165486553602628601E-02   -0.886234794885915704E+02    0.399938866947073590E+00
    0.167721374433019502E-02   -0.886503078339386832E+02    0.400013365937711751E+00
