    0.607194037220369203E-97    0.131292033539100703E+04   -0.335292214751243600E+01
    0.982639818276703128E-90    0.127971135561631354E+04   -0.335778867602348319E+01
    0.115783933057614960E-89    0.127937321909858156E+04   -0.335784020423889151E+01
    0.705914082217523283E-89    0.127574768364789588E+04   -0.335839534997940081E+01
    0.468091595926712378E-83    0.124892832160987200E+04   -0.336266075372695905E+01
    0.539058488453649402E-82    0.124403083125715716E+04   -0.336347172856330889E+01
    0.730269608735367982E-80    0.123420331145504133E+04   -0.336513116359710684E+01
    0.342215036126100383E-79    0.123110409025488252E+04   -0.336566365957260150E+01
    0.390682427326258953E-76    0.121701366824979368E+04   -0.336814290285110474E+01
    0.498323778874497320E-74    0.120730661787680674E+04   -0.336990935802459735E+01
    0.378540401539501313E-71    0.119403096175039673E+04   -0.337240819334983843E+01
    0.383828565279645422E-71    0.119399321535049921E+04   -0.337241544127464277E+01
    0.839748843213594483E-66    0.116939155073528400E+04   -0.337732602357864398E+01
    0.144039522594332292E-65    0.116830241080244809E+04   -0.337755252122879046E+01
    0.430572783451208322E-60    0.114307650256760962E+04   -0.338304028865468531E+01
    0.571788637314443835E-57    0.112868368594748540E+04   -0.338640008568763751E+01
    0.223939509020182878E-55    0.112133813245858823E+04   -0.338818658590316790E+01
    0.402028248225268648E-50    0.109713198875064950E+04   -0.339446147680282584E+01
    0.706299060381920276E-48    0.108678461559725702E+04   -0.339734784960746783E+01
    0.368350175377970431E-41    0.105584043368899847E+04   -0.340686981081962603E+01
    0.392417257327981861E-39    0.104649351000422803E+04   -0.341005617976188669E+01
    0.115072034780294503E-35    0.103051636402824852E+04   -0.341591012477874756E+01
    0.505916424817625722E-35    0.102754473769696074E+04   -0.341706220507621783E+01
    0.293200072645772860E-27    0.991784408748095757E+03   -0.343291296362876874E+01
    0.373808740059302813E-27    0.991288630630869648E+03   -0.343316380977630597E+01
    0.432923978921782689E-27    0.990984994895100840E+03   -0.343331794142723101E+01
    0.435056905498222748E-27    0.990965165504117749E+03   -0.343332802057266218E+01
    0.109496784835942542E-25    0.984503988438488591E+03   -0.343670272231101981E+01
    0.287381949258482418E-25    0.982564154482404547E+03   -0.343775287866592416E+01
    0.825560497175936638E-25    0.980443653719342365E+03   -0.343892160654068002E+01
    0.100410046960163686E-23    0.975436913896554984E+03   -0.344177204694166639E+01
    0.674521954002613430E-22    0.967012259806364682E+03   -0.344688684940338153E+01
    0.550089296147926869E-21    0.962804936824368042E+03   -0.344960935115814227E+01
    0.533837872452978528E-20    0.958249743515295677E+03   -0.345269934535026568E+01
    0.636866818133850939E-19    0.953281636581754015E+03   -0.345625649094581622E+01
    0.159329513251127171E-17    0.946832468387527911E+03   -0.346120469862059599E+01
    0.140605546518063669E-16    0.942467330282753323E+03   -0.346479613184928903E+01
    0.597439273632331815E-16    0.939563941848684181E+03   -0.346730731129646319E+01
    0.493502465688032986E-14    0.930725851055434077E+03   -0.347565732825184615E+01
    0.512355044385317701E-14    0.930640871104248959E+03   -0.347574344277381897E+01
    0.104189982247324399E-13    0.929211304609751664E+03   -0.347721069455146781E+01
    0.268135601559335934E-13    0.927310750922792977E+03   -0.347921791672706604E+01
    0.411964670910575603E-13    0.926441861388913253E+03   -0.348015816816452572E+01
    0.526373044899227075E-11    0.916731375863445351E+03   -0.349179979165422649E+01
    0.470902564492702717E-10    0.912338923615512954E+03   -0.349790816307067853E+01
    0.159432915802036643E-09    0.909889809349534289E+03   -0.350160514389652588E+01
    0.182583886265689442E-09    0.909608636399499574E+03   -0.350204457640647870E+01
    0.308160313580701074E-09    0.908551815543472799E+03   -0.350372575521469098E+01
    0.394260467622084781E-09    0.908049032283447332E+03   -0.350454250574111947E+01
    0.496398875850170769E-09    0.907578296258426235E+03   -0.350531746745109540E+01
    0.165314377364155282E-08    0.905162187692995758E+03   -0.350946192145347613E+01
    0.225570819352330123E-08    0.904530617321053569E+03   -0.351059463620185852E+01
    0.104192278926386736E-07    0.901460239407938843E+03   -0.351643238663673419E+01
    0.112515908309537189E-06    0.896691356040221535E+03   -0.352682704329490671E+01
    0.119091884812384583E-06    0.896567754605019445E+03   -0.352712250947952288E+01
    0.120438642709144675E-06    0.896535264409679712E+03   -0.352720042467117301E+01
    0.123243767105109473E-06    0.896479216796930586E+03   -0.352733507752418518E+01
    0.191758887475778728E-06    0.895585067700987565E+03   -0.352952626282451920E+01
    0.271829201602716332E-06    0.894877197410352210E+03   -0.353132120966911334E+01
    0.707106687468543458E-06    0.892955182165578321E+03   -0.353649384975433367E+01
    0.133697113783235395E-05    0.891671221298691762E+03   -0.354022551178932199E+01
    0.136443646298357311E-05    0.891620551728422242E+03   -0.354037783145904550E+01
    0.136968228003156604E-05    0.891602877118826882E+03   -0.354043105840682992E+01
    0.187322317741273250E-05    0.890966713577112387E+03   -0.354238029718399039E+01
    0.198507586233198160E-05    0.890840720457527141E+03   -0.354277428984642029E+01
    0.331315770007719792E-05    0.889806231274803054E+03   -0.354611550623313354E+01
    0.825113616790465584E-05    0.887971332903571351E+03   -0.355256804823875427E+01
    0.106223935478629662E-04    0.887456105976795811E+03   -0.355451932549476624E+01
    0.144086429420911057E-04    0.886836378258257241E+03   -0.355695881843566886E+01
    0.175822389304491853E-04    0.886428256238286394E+03   -0.355862470865249625E+01
    0.177290297010022328E-04    0.886401627935558281E+03   -0.355873512625694266E+01
    0.337847792398275718E-04    0.885102013954509971E+03   -0.356440539621969998E+01
    0.404637237433539323E-04    0.884731222994576001E+03   -0.356613401174545297E+01
    0.575341486445133190E-04    0.884017277397962744E+03   -0.356962104305643413E+01
    0.137313802471214334E-03    0.882267497048838891E+03   -0.357922787315025559E+01
    0.236100471722382611E-03    0.881173519835810794E+03   -0.358621937036514282E+01
    0.288432503128914161E-03    0.880763112518709818E+03   -0.358909362554550171E+01
    0.289813323353329720E-03    0.880743560713676061E+03   -0.358923445530313856E+01
    0.301652206782587490E-03    0.880653485278812695E+03   -0.358988806605339050E+01
    0.316719439293571816E-03    0.880546002055058580E+03   -0.359067854285240173E+01
    0.330185742365088060E-03    0.880452724016406819E+03   -0.359137411713600141E+01
    0.337031538594182117E-03    0.880401681695331149E+03   -0.359175859689712507E+01
    0.400317881654698436E-03    0.880047516848674604E+03   -0.359450537046616869E+01
    0.461370666994795884E-03    0.879753631180339880E+03   -0.359689737558364886E+01
    0.503055824355570541E-03    0.879570632426432098E+03   -0.359844328973393690E+01
    0.516163311507830637E-03    0.879509188298788331E+03   -0.359897266030311602E+01
    0.543065430736628242E-03    0.879397575097406389E+03   -0.359994807243347159E+01
    0.611294996734513033E-03    0.879150875415205292E+03   -0.360217046737670898E+01
    0.883038370790077730E-03    0.878405297410567414E+03   -0.360952733755111677E+01
    0.885515132003337211E-03    0.878389695628481604E+03   -0.360969302647820056E+01
    0.917407408000073688E-03    0.878308931405693670E+03   -0.361055937409400940E+01
    0.968475657105933251E-03    0.878190588024151680E+03   -0.361185584664344805E+01
    0.100608746358451747E-02    0.878104386142317026E+03   -0.361282131658304362E+01
    0.111460321691922264E-02    0.877889527197351754E+03   -0.361531050205230731E+01
    0.110961983092263306E-02    0.877888489237989006E+03   -0.361532282792885962E+01
    0.110567148846937554E-02    0.877885618497422342E+03   -0.361535693388891088E+01
    0.126871596209335931E-02    0.877600513490896788E+03   -0.361886422122903095E+01
    0.154134805102108786E-02    0.877201209379321085E+03   -0.362422952651977548E+01
    0.156405859442723216E-02    0.877161955950201786E+03   -0.362478965520858765E+01
    0.177815382936177390E-02    0.876895372858878659E+03   -0.362877250313758859E+01
    0.187006176392459948E-02    0.876784581243664093E+03   -0.363052833959059207E+01
    0.194278072418840159E-02    0.876698283542429976E+03   -0.363194148827901353E+01
    0.193499835676327805E-02    0.876696311207452709E+03   -0.363197427430429931E+01
    0.196975288453163366E-02    0.876650707970864119E+03   -0.363273862714319495E+01
    0.201495189469034445E-02    0.876595333518957773E+03   -0.363368340127805345E+01
    0.207774120195528076E-02    0.876523961475914803E+03   -0.363492927551269540E+01
    0.210814112069101882E-02    0.876484911014504064E+03   -0.363562496304512006E+01
    0.210903496021015973E-02    0.876474063205908578E+03   -0.363582003584158286E+01
    0.212845393028329288E-02    0.876445732438310642E+03   -0.363633330805480881E+01
    0.215874044374738143E-02    0.876407474314547244E+03   -0.363703536737634137E+01
    0.225786586566112434E-02    0.876307684042148253E+03   -0.363891721963882464E+01
    0.225719434638933141E-02    0.876298278957161756E+03   -0.363909852089681873E+01
    0.253561312880825002E-02    0.876055653215567531E+03   -0.364403697252273551E+01
    0.265257293595033737E-02    0.875955463985604638E+03   -0.364624088859607021E+01
    0.264619496976338303E-02    0.875950278666587565E+03   -0.364635789394378662E+01
    0.263458979220772401E-02    0.875949069175393674E+03   -0.364638522902382878E+01
    0.297997928339973359E-02    0.875692691464751761E+03   -0.365258820454964361E+01
    0.299429768328869118E-02    0.875673104746637364E+03   -0.365309944858923785E+01
    0.299219504123444903E-02    0.875664509670847565E+03   -0.365332567250273677E+01
    0.304048750138876007E-02    0.875622488432258706E+03   -0.365444869882678169E+01
    0.303657189870563688E-02    0.875615065733527103E+03   -0.365465008616447440E+01
    0.322338640967912132E-02    0.875485659188073782E+03   -0.365831923484802246E+01
    0.322514979841455893E-02    0.875474565365399940E+03   -0.365864874373905069E+01
    0.329057478673004623E-02    0.875424399648518488E+03   -0.366017120910806426E+01
    0.331692122651588810E-02    0.875398450139438637E+03   -0.366098058223724365E+01
    0.345599326903114684E-02    0.875306304355336351E+03   -0.366398675748448222E+01
    0.352195196454996176E-02    0.875258493419388401E+03   -0.399681043940602310E+01
    0.350457082518134668E-02    0.875258388028907234E+03   -0.399676441055289278E+01
    0.349014263726575395E-02    0.875256638950667707E+03   -0.399600242972373954E+01
    0.347443709668243846E-02    0.875255659203320874E+03   -0.399557718038558951E+01
    0.345864456002990079E-02    0.875254770628657184E+03   -0.399519247412681588E+01
    0.346171571109112324E-02    0.875242995489131204E+03   -0.366618511759544674E+01
    0.345575982725860459E-02    0.875236439453780577E+03   -0.398745372891426086E+01
    0.344526464502293781E-02    0.875232522718877931E+03   -0.398584689910387358E+01
    0.343055329835661570E-02    0.875231081042693972E+03   -0.366661224593775126E+01
    0.341788885907254010E-02    0.875228478026375342E+03   -0.398420394062995920E+01
    0.341157823123703187E-02    0.875222174144709697E+03   -0.398167554736137408E+01
    0.339505327909057344E-02    0.875221885253405958E+03   -0.398156059980392474E+01
    0.337921169918978725E-02    0.875221239247575681E+03   -0.398130384769115775E+01
    0.336276255275391603E-02    0.875220998513013456E+03   -0.398120827055921112E+01
    0.335156964486413300E-02    0.875217666588365319E+03   -0.397989104828278339E+01
    0.333691632763399556E-02    0.875216429911326259E+03   -0.397940479516983014E+01
    0.332649844053482151E-02    0.875212683699181298E+03   -0.397794041967505896E+01
    0.331055484355664972E-02    0.875212292558392733E+03   -0.397778826365049643E+01
    0.330635713456614751E-02    0.875204830122481553E+03   -0.397491152397955672E+01
    0.329012223007062003E-02    0.875204674729810904E+03   -0.397485214195780578E+01
    0.327655231326298268E-02    0.875202940670834323E+03   -0.397419090374215500E+01
    0.326183122797648163E-02    0.875201946633894408E+03   -0.397381302118301383E+01
    0.324798297766480670E-02    0.875200455799141650E+03   -0.397324786393013785E+01
    0.323429505130722007E-02    0.875198902179652009E+03   -0.397266091176166913E+01
    0.322634727621114907E-02    0.875193822915828036E+03   -0.397075606342961862E+01
    0.321300717191591026E-02    0.875192109537405941E+03   -0.397011829614154887E+01
    0.321135747419913891E-02    0.875183136688163358E+03   -0.396681673526763934E+01
    0.320516177816164080E-02    0.875176999030171146E+03   -0.396459442590366118E+01
    0.319357460457328794E-02    0.875174242451722421E+03   -0.396360556483268756E+01
    0.317988048116537095E-02    0.875172836938886348E+03   -0.396310353279113770E+01
    0.316520030985439991E-02    0.875172091476685523E+03   -0.396283785104751596E+01
    0.316783171655943404E-02    0.875160429456442785E+03   -0.395873337388038626E+01
    0.315410009677103385E-02    0.875159117713000114E+03   -0.395827766060829145E+01
    0.314395000967735610E-02    0.875155564213558137E+03   -0.395704902410507220E+01
    0.313306806773257967E-02    0.875152498686400008E+03   -0.395599592328071603E+01
    0.313075114509460710E-02    0.875143978245541120E+03   -0.395310124188766610E+01
    0.311685723334240898E-02    0.875142873767677202E+03   -0.395272942460208965E+01
    0.310365410120337117E-02    0.875141363842692613E+03   -0.395222235918045062E+01
    0.308951161941363765E-02    0.875140498109082728E+03   -0.395193227145793724E+01
    0.308946386482942138E-02    0.875130529023323675E+03   -0.394862502657929371E+01
    0.307871017727734484E-02    0.875127502690651340E+03   -0.394763285116918583E+01
    0.306349054513100662E-02    0.875127414228214661E+03   -0.394760393000776588E+01
    0.305316436762665408E-02    0.875124167061233152E+03   -0.367065979493416084E+01
    0.303976066423171723E-02    0.875122966595084108E+03   -0.394615571967209799E+01
    0.303268969520814656E-02    0.875117624334086258E+03   -0.367092119171790676E+01
    0.301830334980591423E-02    0.875117134424348819E+03   -0.394427381909090613E+01
    0.302735003810713880E-02    0.875101148838028735E+03   -0.393921131401052804E+01
    0.302829851112248636E-02    0.875090522333359331E+03   -0.393591973781585702E+01
    0.302543889852001672E-02    0.875082411819223466E+03   -0.393344505916229981E+01
    0.301041683925907036E-02    0.875082367054026918E+03   -0.393343148810205134E+01
    0.304669229144013520E-02    0.875048411146940111E+03   -0.392339781522750863E+01
    0.303322953953303687E-02    0.875047268348913803E+03   -0.392306871414184588E+01
    0.302238213169166506E-02    0.875044433550404506E+03   -0.392225463352451831E+01
    0.301183852007352393E-02    0.875041422769365340E+03   -0.392139353752136222E+01
    0.300157191768471313E-02    0.875038251913971521E+03   -0.367423772617277056E+01
    0.300805416641053251E-02    0.875023937335227970E+03   -0.391646194513592860E+01
    0.299521470632410766E-02    0.875022492327473401E+03   -0.391605951786041251E+01
    0.298440060254321661E-02    0.875019726314953914E+03   -0.391529131011441445E+01
    0.297758412292021451E-02    0.875014299612543255E+03   -0.391379209690198149E+01
    0.297202842752151107E-02    0.875008034778130195E+03   -0.391207416104075234E+01
    0.296170845147861834E-02    0.875004991599208552E+03   -0.391124451756477365E+01
    0.294988122372463746E-02    0.875002994349185656E+03   -0.391070171594619742E+01
    0.293538234838185141E-02    0.875002848728346635E+03   -0.391066219210624677E+01
    0.292599608153973432E-02    0.874999254235158901E+03   -0.390968881845474225E+01
    0.291334143468210439E-02    0.874997922798421996E+03   -0.390932935066131426E+01
    0.291406207950790745E-02    0.874987428139126337E+03   -0.390651592612266541E+01
    0.289962266405542450E-02    0.874987362936612271E+03   -0.390649855542368396E+01
    0.288929629380043186E-02    0.874984498210940956E+03   -0.390573666095733651E+01
    0.287807047484857663E-02    0.874982283970771391E+03   -0.390514949828378066E+01
    0.286601409580870218E-02    0.874980679666619039E+03   -0.390472500920295706E+01
    0.285209004093573207E-02    0.874980420015560981E+03   -0.390465638041496277E+01
    0.283994662847789894E-02    0.874978953643565433E+03   -0.390426918270113799E+01
    0.282654319668092366E-02    0.874978415202455153E+03   -0.390412716865539533E+01
    0.281444485297443819E-02    0.874976994098315345E+03   -0.390375276803970328E+01
    0.280607712756061889E-02    0.874972949226059768E+03   -0.390269039054471589E+01
    0.279747176128427840E-02    0.874969092028210298E+03   -0.390168175772892845E+01
    0.278498635576462277E-02    0.874968038213618797E+03   -0.390140693784610360E+01
    0.277314735729445889E-02    0.874966558351482377E+03   -0.390102154612541208E+01
    0.279854453245510218E-02    0.874938325217588158E+03   -0.389378336071968079E+01
    0.279068152374358381E-02    0.874933952482486575E+03   -0.367907638425860783E+01
    0.278215432806295073E-02    0.874930073030489211E+03   -0.389170649051666251E+01
    0.277958309194522918E-02    0.874921922262919225E+03   -0.388967119871543332E+01
    0.277463454778789772E-02    0.874915486073909392E+03   -0.388807491945710337E+01
    0.276850915783819840E-02    0.874909906231688637E+03   -0.388669854527648573E+01
    0.275679446240619267E-02    0.874908387005807526E+03   -0.388632498216382993E+01
    0.275157394348369373E-02    0.874902177979904309E+03   -0.388480339087120363E+01
    0.274121333956978000E-02    0.874899722867894411E+03   -0.388420398235321063E+01
    0.273445658150198211E-02    0.874894658710700583E+03   -0.368107260103072154E+01
    0.273619807940091251E-02    0.874883385372816406E+03   -0.388024628537218819E+01
    0.272287357042286064E-02    0.874883148597256877E+03   -0.388018931150436419E+01
    0.271955854950577071E-02    0.874875585023658914E+03   -0.387837486811460597E+01
    0.271595495617127152E-02    0.874868236912102248E+03   -0.387662211189906269E+01
    0.270807496778209230E-02    0.874864048085007767E+03   -0.387562720176448172E+01
    0.269986982494595283E-02    0.874860117044249478E+03   -0.387469625050984456E+01
    0.269201831910381413E-02    0.874855941728428320E+03   -0.387371027751985375E+01
    0.268192124921669012E-02    0.874853457318539085E+03   -0.387312495445941884E+01
    0.267179890027871179E-02    0.874851020180038859E+03   -0.387255173219892690E+01
    0.266488467872075989E-02    0.874846202593666590E+03   -0.387142137475858394E+01
    0.265304623517470398E-02    0.874845107156959102E+03   -0.387116485238075247E+01
    0.264149943304700608E-02    0.874843830716001094E+03   -0.387086617452214155E+01
    0.263859453917576498E-02    0.874836031354231864E+03   -0.386904646504475647E+01
    0.262933465485308158E-02    0.874833062499502603E+03   -0.386835611120746936E+01
    0.262521012816602922E-02    0.874826202278649589E+03   -0.386676560469189656E+01
    0.261279025881387119E-02    0.874825686732036388E+03   -0.386664633750915510E+01
    0.260127456167938377E-02    0.874824521080096815E+03   -0.386637680530548078E+01
    0.258843444238356438E-02    0.874824417700879053E+03   -0.386635290980339041E+01
    0.257649168777651953E-02    0.874823666836754910E+03   -0.368497925400733939E+01
    0.256697535296831906E-02    0.874821067561279051E+03   -0.386557930707931519E+01
    0.255865085691599041E-02    0.874817563940867103E+03   -0.386477181908522738E+01
    0.254895667848106019E-02    0.874815155902472156E+03   -0.368547732234001169E+01
    0.253634701572863020E-02    0.874815074435841666E+03   -0.386419900141974670E+01
    0.252956709826992988E-02    0.874810427800588172E+03   -0.386313188672065744E+01
    0.252021349443595777E-02    0.874807836926081450E+03   -0.386253801073667358E+01
    0.251590218867640478E-02    0.874801261237264157E+03   -0.386103423152101710E+01
    0.250355926143347235E-02    0.874801097314097433E+03   -0.386099680662155142E+01
    0.249170616805777668E-02    0.874800588794211308E+03   -0.386088072657585135E+01
    0.248100732985938061E-02    0.874799194843774558E+03   -0.368643065094947797E+01
    0.247039803251255423E-02    0.874797765593132794E+03   -0.368651728630065900E+01
    0.246489821070439846E-02    0.874792223136359212E+03   -0.385897508885109808E+01
    0.245278495386204312E-02    0.874792075972286739E+03   -0.385894163151488057E+01
    0.244158284736805710E-02    0.874791231088133941E+03   -0.368691612305909056E+01
    0.243320125576617112E-02    0.874788108602857847E+03   -0.385804048336887728E+01
    0.242434819778775817E-02    0.874785398754293510E+03   -0.368727597447892474E+01
    0.241445131637340726E-02    0.874783580035775458E+03   -0.385701374886632298E+01
    0.240280932165422897E-02    0.874783246955013851E+03   -0.385693830847740182E+01
    0.239132954666038035E-02    0.874782825148095299E+03   -0.385684278712057482E+01
    0.238304717895783521E-02    0.874779764169866553E+03   -0.385615009665489206E+01
    0.237430345486866869E-02    0.874777115937358758E+03   -0.385555149080405579E+01
    0.236565822600297813E-02    0.874774411556213295E+03   -0.385494082570075980E+01
    0.237100779349373649E-02    0.874759893973809653E+03   -0.368889484925011635E+01
    0.236156722160354212E-02    0.874757873210806224E+03   -0.385121912956237811E+01
    0.235261550783133792E-02    0.874755468779366311E+03   -0.385067971166311729E+01
    0.235163584012195760E-02    0.874746301785641776E+03   -0.384862652420997620E+01
    0.234112823525162552E-02    0.874745258232002129E+03   -0.368985937237739581E+01
    0.233960907353009074E-02    0.874736556456341305E+03   -0.384644897040985878E+01
    0.232897638120760061E-02    0.874735666462624408E+03   -0.384625033736228961E+01
    0.231746052484308428E-02    0.874735580192371799E+03   -0.384623108506202716E+01
    0.230626569021440868E-02    0.874735264897722459E+03   -0.369053399562835693E+01
    0.230271231111232010E-02    0.874728348774282608E+03   -0.384461842179298419E+01
    0.229386680950659661E-02    0.874726046248680404E+03   -0.369116849053577800E+01
    0.228595263392980617E-02    0.874722958471794982E+03   -0.384341762258070041E+01
    0.227607390172786424E-02    0.874721620190498697E+03   -0.369147743334821410E+01
    0.226508758454178590E-02    0.874721297308261114E+03   -0.384304775418519728E+01
    0.225789070853901980E-02    0.874717662036641514E+03   -0.384223861098289499E+01
    0.224868227053622591E-02    0.874715835387754510E+03   -0.384183216094970703E+01
    0.223770923075742624E-02    0.874715618806483462E+03   -0.384178397434903918E+01
    0.223229040158889284E-02    0.874710467873390598E+03   -0.369226878731561436E+01
    0.223083584572671568E-02    0.874701771494066406E+03   -0.383870479464530945E+01
    0.222314209567446011E-02    0.874698681054738586E+03   -0.369312621396015706E+01
    0.222139819758655765E-02    0.874690250529250989E+03   -0.383614391267369559E+01
    0.221043454633310273E-02    0.874690145914977393E+03   -0.369376136064529437E+01
    0.220362583414028578E-02    0.874686315941670273E+03   -0.383526916503906268E+01
    0.219554553750227113E-02    0.874683663057790454E+03   -0.383467925190925607E+01
    0.218756208933655084E-02    0.874680948716892544E+03   -0.383407554461603350E+01
    0.217852970054742542E-02    0.874679223762044330E+03   -0.383369181080066745E+01
    0.216809218870362211E-02    0.874678828951703281E+03   -0.369462307351453978E+01
    0.215945857930812963E-02    0.874676809096882607E+03   -0.383315452384976840E+01
    0.215429218620670883E-02    0.874671599726524846E+03   -0.369518580436706534E+01
    0.214570474020493208E-02    0.874669588064717004E+03   -0.369534416365333040E+01
    0.213658507378349611E-02    0.874668106572902502E+03   -0.383121666908264169E+01
    0.212824533290579621E-02    0.874665928456271786E+03   -0.383073121840290609E+01
    0.212309522469650768E-02    0.874660774090874611E+03   -0.382958158907886137E+01
    0.211922117029327570E-02    0.874654426864613697E+03   -0.369656366795316638E+01
    0.210915387727501642E-02    0.874653950439914070E+03   -0.369660276061811555E+01
    0.210738920610360324E-02    0.874645624485443363E+03   -0.369729390838918137E+01
    0.209825003837053187E-02    0.874644316797444162E+03   -0.382590077648728455E+01
    0.208841798619848916E-02    0.874643710492085575E+03   -0.369745497107505816E+01
    0.208529364768677465E-02    0.874636704794873367E+03   -0.369805171344155781E+01
    0.207568700023959794E-02    0.874635939795301283E+03   -0.369811757661994100E+01
    0.206799755509010823E-02    0.874633362613204895E+03   -0.382343941926956177E+01
    0.205874757472296116E-02    0.874632328513029051E+03   -0.369843040335777706E+01
    0.205052047186875773E-02    0.874630336862694548E+03   -0.382275755489557945E+01
    0.204297192301249129E-02    0.874627713016535154E+03   -0.382216548323631278E+01
    0.203487725974195672E-02    0.874625653157074680E+03   -0.382170014381408674E+01
    0.202793292096383219E-02    0.874622490144511403E+03   -0.382098463773727426E+01
    0.201899036719959584E-02    0.874621329025490923E+03   -0.382072167896424109E+01
    0.201013089836325461E-02    0.874620124474950899E+03   -0.382044870734707320E+01
    0.200057317827645204E-02    0.874619656704700901E+03   -0.382034265328614975E+01
    0.199236330943214574E-02    0.874617881108408596E+03   -0.369971484933743122E+01
    0.198347083722322454E-02    0.874616827645622379E+03   -0.381970063752299804E+01
    0.197428464762883747E-02    0.874616111903961041E+03   -0.381953804165669730E+01
    0.196567299370520050E-02    0.874614854807739562E+03   -0.369999091659244428E+01
    0.195832165964828766E-02    0.874612348541352162E+03   -0.381868194937705985E+01
    0.194970141729757071E-02    0.874611171678945311E+03   -0.370033034902004010E+01
    0.194019273062378617E-02    0.874610949534333258E+03   -0.381836318660592156E+01
    0.193173097824178640E-02    0.874609691200222869E+03   -0.370046787626511620E+01
    0.192375055062080557E-02    0.874607970777192463E+03   -0.370062849030581642E+01
    0.191646736659917727E-02    0.874605557005798232E+03   -0.381713173167394748E+01
    0.190839508647604422E-02    0.874603998922031451E+03   -0.381677506566047686E+01
    0.190008107813840078E-02    0.874602731046046870E+03   -0.381648453591889103E+01
    0.189302999752786658E-02    0.874600166724667133E+03   -0.381589609434953347E+01
    0.188421622834258353E-02    0.874599500281077667E+03   -0.381574297639622939E+01
    0.187607282946691909E-02    0.874598162818963715E+03   -0.370156106202210955E+01
    0.186739691690215718E-02    0.874597433285868760E+03   -0.381526757101283609E+01
    0.185929897035375818E-02    0.874596125123935394E+03   -0.381496629279595378E+01
    0.185250153572371810E-02    0.874593450347602698E+03   -0.381434927103776644E+01
    0.184381891595815166E-02    0.874592846324871061E+03   -0.381420974319236272E+01
    0.183856855103110297E-02    0.874588549547068055E+03   -0.381321508884429949E+01
    0.183062539523080859E-02    0.874587208852981121E+03   -0.370263872321313814E+01
    0.182223708212292477E-02    0.874586394337411093E+03   -0.381271474032163304E+01
    0.181392029007848847E-02    0.874585543343569270E+03   -0.381251690043154445E+01
    0.180531120019252313E-02    0.874585058187973800E+03   -0.370285506821089561E+01
    0.179682234361822676E-02    0.874584484681673530E+03   -0.381227055985963137E+01
    0.178837440807181800E-02    0.874583910051344105E+03   -0.370297122985165039E+01
    0.178061232960991748E-02    0.874582609540886438E+03   -0.381183361748541349E+01
    0.177201696468398239E-02    0.874582287310206539E+03   -0.370313621027759732E+01
    0.176444677608573607E-02    0.874580849762097387E+03   -0.370328315587202006E+01
    0.175701145692538961E-02    0.874579295502148966E+03   -0.381105940325026671E+01
    0.174896781222243702E-02    0.874578472577309412E+03   -0.381086675035319056E+01
    0.174057700276198106E-02    0.874578090823902585E+03   -0.381077732321753526E+01
    0.173270896940034462E-02    0.874577152037846076E+03   -0.381055725717535854E+01
    0.172497502479863375E-02    0.874576099017977754E+03   -0.381031015286884411E+01
    0.171642640484329112E-02    0.874576035246242100E+03   -0.381029517911230498E+01
    0.170861534151026942E-02    0.874575157560600132E+03   -0.381008899192639650E+01
    0.170153110276314006E-02    0.874573467173168183E+03   -0.370404990713958115E+01
    0.169841266616969975E-02    0.874567135983807248E+03   -0.380819512110129388E+01
    0.169614356727805786E-02    0.874559809793370050E+03   -0.380644935860530786E+01
    0.168808233983909635E-02    0.874559337812960280E+03   -0.370557796851055299E+01
    0.167988101986720579E-02    0.874559078223180336E+03   -0.380627412267147447E+01
    0.167294968722695131E-02    0.874557347465644511E+03   -0.370580010162809126E+01
    0.166604579967382011E-02    0.874555618093644739E+03   -0.380544293899937269E+01
    0.165800188445381757E-02    0.874555297775389590E+03   -0.370603074045754832E+01
    0.165109027863083522E-02    0.874553652472730278E+03   -0.380496897092831077E+01
    0.164318674144024583E-02    0.874553249179147883E+03   -0.380487156012793193E+01
    0.163536251822552978E-02    0.874552795155064587E+03   -0.380476182780582128E+01
    0.162803061234839566E-02    0.874551782019864845E+03   -0.380451670216118476E+01
    0.162120098298886776E-02    0.874550189717767694E+03   -0.380413070432289802E+01
    0.161925938352541678E-02    0.874542586413886283E+03   -0.370750625702028813E+01
    0.161120361084865753E-02    0.874542561193834672E+03   -0.370750926598218467E+01
    0.160698839589934082E-02    0.874537800430463221E+03   -0.380109389207666393E+01
    0.159907483606905126E-02    0.874537673692877661E+03   -0.380106249827034359E+01
    0.159316486221668888E-02    0.874535079127510585E+03   -0.370841726220981682E+01
    0.158802815621425248E-02    0.874531537975416995E+03   -0.370885810852050790E+01
    0.158068023241585078E-02    0.874530813599511021E+03   -0.379935228340452857E+01
    0.157318071188103478E-02    0.874530325159852168E+03   -0.379922966658382855E+01
    0.156547472755304545E-02    0.874530145925413080E+03   -0.379918464255388555E+01
    0.157694158485927765E-02    0.874515541297945219E+03   -0.371094868183135995E+01
    0.164814773435053934E-02    0.874427211684453937E+03   -0.372834222912788382E+01
    0.157816737577895039E-02    0.874513987258453540E+03   -0.379505462050437936E+01
    0.163721048688982495E-02    0.874440528086659924E+03   -0.377297359108924857E+01
    0.165785266811344892E-02    0.874415469445544204E+03   -0.373281544446945190E+01
    0.166646572531273045E-02    0.874405105725282965E+03   -0.375430395603179923E+01
    0.166259874826155227E-02    0.874409752050184238E+03   -0.373578290343284625E+01
    0.165365571940154503E-02    0.874420538979385469E+03   -0.376449838876724252E+01
    0.166275960932378715E-02    0.874409558553971124E+03   -0.375806155204772940E+01
    0.161091837465200650E-02    0.874472906957837608E+03   -0.378366337418556231E+01
    0.159312233543809634E-02    0.874495124181435244E+03   -0.379001742601394653E+01
    0.163615267045791931E-02    0.874441820722298417E+03   -0.377345218062400800E+01
    0.165781903521825002E-02    0.874415510020001761E+03   -0.373279698491096479E+01
    0.166694769865487094E-02    0.874404527371164590E+03   -0.373970935344696054E+01
    0.166729935293473993E-02    0.874404105501668141E+03   -0.374014275670051566E+01
    0.161968263936296980E-02    0.874462055371802649E+03   -0.378032457232475272E+01
    0.166123576878286490E-02    0.874411392299779209E+03   -0.375932416319847107E+01
    0.166972900222085350E-02    0.874401193150370091E+03   -0.374619013071060181E+01
    0.163214065688015186E-02    0.874446730949369453E+03   -0.377521920204162598E+01
    0.157695928622738485E-02    0.874515518847819067E+03   -0.371095173954963675E+01
    0.164064574962289895E-02    0.874436336000439042E+03   -0.377137746214866620E+01
    0.164196080930433756E-02    0.874434733542479876E+03   -0.377074768543243399E+01
    0.160063177617843439E-02    0.874485719005812143E+03   -0.378739367723464948E+01
    0.166970024437303644E-02    0.874401227596792751E+03   -0.374573622941970807E+01
    0.157089310777026718E-02    0.874523227196505218E+03   -0.379743409156799316E+01
    0.164572558548171650E-02    0.874430153083919208E+03   -0.376887738108634940E+01
    0.166915665882521377E-02    0.874401878820332286E+03   -0.374337125420570382E+01
    0.166747679855241125E-02    0.874403892659054691E+03   -0.375295425653457659E+01
    0.161902163315524482E-02    0.874462871755345304E+03   -0.371949262619018572E+01
    0.166891633697980766E-02    0.874402166797073505E+03   -0.374278326630592328E+01
    0.161893300199657708E-02    0.874462981245648507E+03   -0.378061709403991708E+01
    0.157963047672111880E-02    0.874512133940267631E+03   -0.379457104802131662E+01
    0.166485981613456475E-02    0.874407033977905030E+03   -0.373758538993454836E+01
    0.161522282773111231E-02    0.874467569986684339E+03   -0.371858295818429463E+01
    0.157149183745783328E-02    0.874522465062387028E+03   -0.379723970055861226E+01
    0.161717242461590694E-02    0.874465157414001851E+03   -0.378129864648574721E+01
    0.166170404759950286E-02    0.874410828607572171E+03   -0.375894781073418516E+01
    0.165209108779274493E-02    0.874422432205717541E+03   -0.372998957401640530E+01
    0.166682905423870087E-02    0.874404669725527242E+03   -0.373956965998941104E+01
    0.166973138906590930E-02    0.874401190291411126E+03   -0.374676456281678538E+01
    0.164153142481848475E-02    0.874435256625170723E+03   -0.372591851665309992E+01
    0.162869940973435121E-02    0.874450952252288971E+03   -0.377668134323224214E+01
    0.160855339986562648E-02    0.874475845297263959E+03   -0.378453704556450976E+01
    0.163587816669188871E-02    0.874442156298312625E+03   -0.377357545819388829E+01
    0.157992682646079124E-02    0.874511758761453507E+03   -0.379447288260791105E+01
    0.166513230778287096E-02    0.874406706659834867E+03   -0.375581172315058254E+01
    0.161079324576123982E-02    0.874473062314872095E+03   -0.371756693932236626E+01
    0.156563260596037082E-02    0.874529935901897716E+03   -0.370906001528078999E+01
    0.166973168261626346E-02    0.874401189939797291E+03   -0.374675410221810834E+01
    0.166927035001543356E-02    0.874401742599064050E+03   -0.374939507100843272E+01
    0.160373223719655436E-02    0.874481848706466963E+03   -0.371603414190604608E+01
    0.166506987312881527E-02    0.874406781651863184E+03   -0.373777377793325982E+01
    0.160700559699391426E-02    0.874477770689387398E+03   -0.371673237026983738E+01
    0.157694283391167627E-02    0.874515539713800422E+03   -0.379545800146367540E+01
    0.166256770474540482E-02    0.874409789393898109E+03   -0.373576047140373779E+01
    0.166841737297747481E-02    0.874402764836166284E+03   -0.374179862422999898E+01
    0.158967126709209754E-02    0.874499461339453546E+03   -0.379119999957185483E+01
    0.166888918661914159E-02    0.874402199333853105E+03   -0.375041669399816957E+01
    0.166870302590734734E-02    0.874402422441650742E+03   -0.374233250003877593E+01
    0.164108568101181142E-02    0.874435799781798551E+03   -0.377116801869513241E+01
    0.165819467883125530E-02    0.874415056893269480E+03   -0.376157430397136228E+01
    0.162515350445356405E-02    0.874455311277454484E+03   -0.372104710600406907E+01
    0.166049982512976352E-02    0.874412278515607454E+03   -0.373436918531717099E+01
    0.163583620309313638E-02    0.874442207603034262E+03   -0.372407750366386248E+01
    0.161705094351025850E-02    0.874465307658548227E+03   -0.378134539998823493E+01
    0.164583179530434338E-02    0.874430024014533046E+03   -0.376882301070864667E+01
    0.166506469082961309E-02    0.874406787876595672E+03   -0.373776907671487990E+01
    0.166510055621370279E-02    0.874406744797190981E+03   -0.373780166956073501E+01
    0.157251299985557516E-02    0.874521165875539054E+03   -0.379690758097428427E+01
    0.164859253292135455E-02    0.874426672001570296E+03   -0.376737407361374554E+01
    0.166973327172728917E-02    0.874401188036365397E+03   -0.374668688640688963E+01
    0.165866725643606808E-02    0.874414486983979032E+03   -0.376124342518277244E+01
    0.166862628917719834E-02    0.874402514415469227E+03   -0.375099227772903632E+01
    0.162666405175002950E-02    0.874453453181323312E+03   -0.372144848135677364E+01
    0.166967469711398883E-02    0.874401258198039386E+03   -0.374754408758533231E+01
    0.166949743356207408E-02    0.874401470542351262E+03   -0.374856733271310461E+01
    0.166504286189065719E-02    0.874406814096696507E+03   -0.375590506461317641E+01
    0.162678597460902386E-02    0.874453303281545459E+03   -0.377747562878622167E+01
    0.165694284304273589E-02    0.874416567341436121E+03   -0.376242352803718560E+01
    0.159963186958624829E-02    0.874486968786124521E+03   -0.371518704076413897E+01
    0.166013561406100569E-02    0.874412717240155075E+03   -0.376017373152472523E+01
    0.165071996159249306E-02    0.874424092762447572E+03   -0.372939562929505364E+01
    0.165859413268523367E-02    0.874414575157616582E+03   -0.376129501940078370E+01
    0.164510895494840610E-02    0.874430902596582882E+03   -0.372718403014918476E+01
    0.157739737603787024E-02    0.874514963311638212E+03   -0.379530840948500536E+01
    0.160527742525522492E-02    0.874479922644110502E+03   -0.378573073778396374E+01
    0.166007976724359576E-02    0.874412784521112485E+03   -0.376021567729934736E+01
    0.165958972867281582E-02    0.874413374987813995E+03   -0.376057926271264575E+01
    0.165880496314561800E-02    0.874414320945862642E+03   -0.376114585818284963E+01
    0.164324157242992674E-02    0.874433174109554102E+03   -0.377012319632580084E+01
    0.158342784773442486E-02    0.874507331786847544E+03   -0.379330736605563335E+01
    0.166956802515800325E-02    0.874401385977856421E+03   -0.374481581420417609E+01
    0.156617920589612936E-02    0.874529237775734146E+03   -0.370914848980426504E+01
    0.161839628996103091E-02    0.874463644399738882E+03   -0.371934026557311448E+01
    0.161570746941869627E-02    0.874466969984026719E+03   -0.378186017497480487E+01
    0.160930692138668962E-02    0.874474908623251281E+03   -0.378425980765555581E+01
    0.165949492317901768E-02    0.874413489242801461E+03   -0.373375402455431749E+01
    0.166012966001099159E-02    0.874412724413136175E+03   -0.373413855977830833E+01
    0.159426209776471575E-02    0.874493693839536945E+03   -0.378962383134317093E+01
    0.161549465100168364E-02    0.874467233438195649E+03   -0.378194134357939893E+01
    0.166513314949790110E-02    0.874406705648846355E+03   -0.373783140503273748E+01
    0.159641313667147782E-02    0.874490997182466458E+03   -0.378887666402038326E+01
    0.166153602612069320E-02    0.874411030845719552E+03   -0.373504267483384167E+01
    0.161764713168240700E-02    0.874464570417340497E+03   -0.378111561511932059E+01
    0.165866473336221103E-02    0.874414490026271892E+03   -0.373327008958443241E+01
    0.161086805376213960E-02    0.874472969433598792E+03   -0.378368207375212329E+01
    0.166176727253042290E-02    0.874410752512519934E+03   -0.373519914156367383E+01
    0.164689284425176296E-02    0.874428735052836828E+03   -0.376827447759192014E+01
    0.163139168338611901E-02    0.874447648940587669E+03   -0.377554135064070273E+01
    0.164387269724373497E-02    0.874432406110914826E+03   -0.372673575452347228E+01
    0.165736535068727333E-02    0.874416057421872665E+03   -0.376214108936523406E+01
    0.161864420316270891E-02    0.874463338054232622E+03   -0.371940054042839030E+01
    0.156658413398318369E-02    0.874528720752205231E+03   -0.379882606835943148E+01
    0.157334049377005122E-02    0.874520113704565119E+03   -0.371033350517528238E+01
    0.166873841418456416E-02    0.874402380027990034E+03   -0.375075588696033435E+01
    0.166856550014888227E-02    0.874402587277962198E+03   -0.374206706277862011E+01
    0.163036622390786887E-02    0.874448906494999960E+03   -0.372246732402073821E+01
    0.160245609903424558E-02    0.874483440800375206E+03   -0.378674458726495500E+01
    0.162865546843194093E-02    0.874451006211779486E+03   -0.372199005426861040E+01
    0.165941437791209518E-02    0.874413586317182990E+03   -0.376070748298944757E+01
    0.165221805386351868E-02    0.874422278508148224E+03   -0.376534879439074377E+01
    0.165441254761043233E-02    0.874419623849272057E+03   -0.373105632099552897E+01
    0.165348236354826155E-02    0.874420748654154522E+03   -0.373061888140653686E+01
    0.164586261093578254E-02    0.874429986568005347E+03   -0.376880721784912209E+01
    0.160702593533661783E-02    0.874477745377448173E+03   -0.378509591781772770E+01
    0.159339294762210568E-02    0.874494784484731326E+03   -0.378992411611047819E+01
    0.165964710571516079E-02    0.874413305842953037E+03   -0.376053709671667180E+01
    0.165981561140022085E-02    0.874413102791194888E+03   -0.373394663844722352E+01
    0.166775593297953926E-02    0.874403557888500131E+03   -0.375253320746795804E+01
    0.165868344682020235E-02    0.874414467461913887E+03   -0.373328077675759573E+01
    0.166152050164281679E-02    0.874411049532705761E+03   -0.373503225618602075E+01
    0.165527797685362525E-02    0.874418577915512969E+03   -0.373147659921351060E+01
    0.166230854724553332E-02    0.874410101173923294E+03   -0.375844715442645105E+01
    0.166845360461773703E-02    0.874402721404291924E+03   -0.375133484434974651E+01
    0.166831321550792470E-02    0.874402889697873661E+03   -0.374161911382069601E+01
    0.166076458404906552E-02    0.874411959650395602E+03   -0.375969365128481181E+01
    0.166493587532146568E-02    0.874406942609912562E+03   -0.373765309629620646E+01
    0.166623696250909996E-02    0.874405380292594145E+03   -0.373891356726550494E+01
    0.166851078048888273E-02    0.874402652867904294E+03   -0.375122403021100093E+01
    0.165614239956748889E-02    0.874417533743966942E+03   -0.373191038592551205E+01
    0.159093612003236929E-02    0.874497870633210368E+03   -0.379076813210421149E+01
    0.166072682487989048E-02    0.874412005122943356E+03   -0.375972288383200848E+01
    0.166425524262659276E-02    0.874407760385378424E+03   -0.373706606550101350E+01
    0.156655801102882197E-02    0.874528754102692574E+03   -0.379883447098009963E+01
    0.166956087982570302E-02    0.874401394537372994E+03   -0.374826977793462968E+01
    0.156559655724906074E-02    0.874529981952454136E+03   -0.370905418976758394E+01
    0.158387093091121554E-02    0.874506772214529747E+03   -0.379315906997615171E+01
    0.165590019073577686E-02    0.874417826262949461E+03   -0.373178735400672323E+01
    0.163966099627105093E-02    0.874437536806897356E+03   -0.377184196048163356E+01
    0.165445755400291800E-02    0.874419569442310035E+03   -0.373107785145720960E+01
    0.164583646880666593E-02    0.874430018335343107E+03   -0.376882061608032570E+01
    0.162578366649101039E-02    0.874454535916981854E+03   -0.377788679671082628E+01
    0.166959723744914898E-02    0.874401350984330975E+03   -0.374497054188046885E+01
    0.166176329695573444E-02    0.874410757297280725E+03   -0.375889950265008110E+01
    0.166414787286372373E-02    0.874407889419944468E+03   -0.373697708069366152E+01
    0.162218792457207383E-02    0.874458964211118200E+03   -0.377933630867458525E+01
    0.166314826800426953E-02    0.874409091122284394E+03   -0.373618898899405227E+01
    0.166930226036634383E-02    0.874401704366735885E+03   -0.374929326809074803E+01
    0.166949915301192243E-02    0.874401468482511063E+03   -0.374855982688867284E+01
    0.166911988686971823E-02    0.874401922881338010E+03   -0.374327408944108386E+01
    0.165961256006571340E-02    0.874413347473500721E+03   -0.376056249664431430E+01
    0.157807431900716341E-02    0.874514105192098441E+03   -0.379508531717355169E+01
    0.166970556629582822E-02    0.874401221222098457E+03   -0.374579804352406764E+01
    0.164563574132845034E-02    0.874430262271752895E+03   -0.376892329940720172E+01
    0.164424864927448689E-02    0.874431948765223751E+03   -0.372687078663663485E+01
    0.164969520098693766E-02    0.874425334740305516E+03   -0.376677427131932063E+01
    0.160421489121260487E-02    0.874481246883556082E+03   -0.378611403934923940E+01
    0.166973123006697115E-02    0.874401190481859658E+03   -0.374625712749069173E+01
    0.160120093663587378E-02    0.874485007962463555E+03   -0.378719169751283857E+01
    0.165250007215184168E-02    0.874421937155841306E+03   -0.373017163899095605E+01
    0.166479328900056862E-02    0.874407113898703869E+03   -0.375616126234541658E+01
    0.165444380924577978E-02    0.874419586057803372E+03   -0.376401871628803875E+01
    0.163736840440120214E-02    0.874440335185506228E+03   -0.372455449455399279E+01
    0.157674456756660779E-02    0.874515791186213619E+03   -0.379552320051256808E+01
    0.165708426805042525E-02    0.874416396642762834E+03   -0.373240057653976187E+01
    0.159771077200377646E-02    0.874489372154207331E+03   -0.371479996693688763E+01
    0.161666644546476371E-02    0.874465783269742474E+03   -0.378149315132240726E+01
    0.165497569248034167E-02    0.874418943185856961E+03   -0.376368908069751518E+01
    0.158346017677414705E-02    0.874507290953020174E+03   -0.379329655198745996E+01
    0.165588029101068732E-02    0.874417850298026906E+03   -0.373177729834082106E+01
    0.162808725180609254E-02    0.874451704107413775E+03   -0.372183403369497068E+01
    0.160518301703036176E-02    0.874480040269886103E+03   -0.371634108836431309E+01
    0.156868447396667676E-02    0.874526041121768003E+03   -0.379814907885429909E+01
    0.160790034423800117E-02    0.874476657440933423E+03   -0.371692685080923546E+01
    0.166972422010892179E-02    0.874401198878387959E+03   -0.374694802264369198E+01
    0.166906993718097759E-02    0.874401982733762679E+03   -0.374314675066817415E+01
    0.166942652019528323E-02    0.874401555495908497E+03   -0.374885650741014542E+01
    0.166971340886492778E-02    0.874401211828165970E+03   -0.374590049603396169E+01
    0.165526925188576399E-02    0.874418588457537908E+03   -0.376350499527917037E+01
    0.162823187456727467E-02    0.874451526455585849E+03   -0.372187362891884543E+01
    0.156992512121449071E-02    0.874524459979195399E+03   -0.370976221624032920E+01
    0.165497558784817220E-02    0.874418943312302531E+03   -0.373132822052251978E+01
    0.161251577647572000E-02    0.874470924721651500E+03   -0.371795666088823396E+01
    0.166790620089940955E-02    0.874403377692888057E+03   -0.374097595030167085E+01
    0.166918847804701977E-02    0.874401840694589737E+03   -0.374345791534342931E+01
    0.163435609560442022E-02    0.874444018025730657E+03   -0.372362814216600668E+01
    0.160197621433536995E-02    0.874484039826543381E+03   -0.371566775889469980E+01
    0.165570153420259067E-02    0.874418066215153772E+03   -0.373168732163849937E+01
    0.165562088068883350E-02    0.874418163642711306E+03   -0.376328239703703993E+01
    0.165671474425154461E-02    0.874416842685264555E+03   -0.373220595966737267E+01
