   -0.211763329505920428E+01   -0.678050642315019684E+11   -0.529831319988485294E+01    1
   -0.215518434047698992E+01   -0.368916390108731995E+11   -0.530331319988484751E+01    1
   -0.216580742001533544E+01   -0.310642293055875473E+11   -0.530831319988485095E+01    1
   -0.218289734721183759E+01   -0.235635597632224007E+11   -0.531331319988484285E+01    1
   -0.218381806015968305E+01   -0.232155204307338867E+11   -0.531831319988483830E+01    1
   -0.218434421420097369E+01   -0.230189502650371971E+11   -0.532331319988484530E+01    1
   -0.219018717408180219E+01   -0.209451512582625580E+11   -0.532831319988484609E+01    1
   -0.219956429004669207E+01   -0.180016044120069504E+11   -0.533331319988484154E+01    1
   -0.220066065192222604E+01   -0.176857548918418541E+11   -0.533831319988483788E+01    1
   -0.221412525773048419E+01   -0.142315309542254448E+11   -0.534331319988483511E+01    1
   -0.221733450293540990E+01   -0.135135505710930729E+11   -0.534831319988484299E+01    1
   -0.221800980567932138E+01   -0.133671624289489574E+11   -0.535331319988485443E+01    1
   -0.224305025339126596E+01   -0.892836942111251068E+10   -0.535831319988483568E+01    1
   -0.225808879137039220E+01   -0.700864810018337250E+10   -0.536331319988484623E+01    1
   -0.226467941999435407E+01   -0.630356447259050655E+10   -0.536831319988485056E+01    1
   -0.228066483139991760E+01   -0.487494056051629066E+10   -0.537331319988484601E+01    1
   -0.229243478178977966E+01   -0.403506739058224058E+10   -0.537831319988484857E+01    1
   -0.233311047554016149E+01   -0.210121227063054228E+10   -0.538331319988484491E+01    1
   -0.233892274498939523E+01   -0.191438031199202681E+10   -0.538831319988483948E+01    1
   -0.234042555689811715E+01   -0.186884695102074385E+10   -0.539331319988484825E+01    1
   -0.234652491211891157E+01   -0.169492919627929068E+10   -0.539831319988485436E+01    1
   -0.235444281697273272E+01   -0.149314415038200140E+10   -0.540331319988484537E+01    1
   -0.235503340959548968E+01   -0.147909657770507884E+10   -0.540831319988483905E+01    1
   -0.235716939568519601E+01   -0.142938884474511576E+10   -0.541331319988484161E+01    1
   -0.235979405045509338E+01   -0.137059793460445714E+10   -0.541831319988483973E+01    1
   -0.236030604839324987E+01   -0.135941540253293347E+10   -0.542331319988484406E+01    1
   -0.238372941613197309E+01   -0.934728736450464249E+09   -0.542831319988484751E+01    1
   -0.238547548651695251E+01   -0.909008208888787627E+09   -0.543331319988484829E+01    1
   -0.239056704044342050E+01   -0.837989447784084558E+09   -0.543831319988484552E+01    1
   -0.239100100994110143E+01   -0.832200088317615151E+09   -0.544331319988483830E+01    1
   -0.239349440932273883E+01   -0.799706038812088609E+09   -0.544831319988483820E+01    1
   -0.239732969403266916E+01   -0.752191370501529694E+09   -0.545331319988484342E+01    1
   -0.240219995975494394E+01   -0.695913358078907132E+09   -0.545831319988484953E+01    1
   -0.241585006713867223E+01   -0.559683856736213565E+09   -0.546331319988484410E+01    1
   -0.241779828667640695E+01   -0.542556003007777572E+09   -0.546831319988483777E+01    1
   -0.242478709816932714E+01   -0.485326209336083710E+09   -0.547331319988483678E+01    1
   -0.242923109531402570E+01   -0.452126073835173368E+09   -0.547831319988484022E+01    1
   -0.244205290079116821E+01   -0.368560444697990239E+09   -0.548331319988484100E+01    1
   -0.244340679049491882E+01   -0.360695417030181229E+09   -0.548831319988484623E+01    1
   -0.245170928835868818E+01   -0.316013946789988756E+09   -0.549331319988485411E+01    1
   -0.247497659921646118E+01   -0.218210549336813778E+09   -0.549831319988485046E+01    1
   -0.247687476277351415E+01   -0.211720651464242250E+09   -0.550331319988484413E+01    1
   -0.248149746656417847E+01   -0.196713727745084792E+09   -0.550831319988484491E+01    1
   -0.249652717113494882E+01   -0.154908670122532159E+09   -0.551331319988484569E+01    1
   -0.249892396926879901E+01   -0.149120105820049256E+09   -0.551831319988484470E+01    1
   -0.249955012202262861E+01   -0.147643945620247900E+09   -0.552331319988484637E+01    1
   -0.250795227885246286E+01   -0.129196854381158575E+09   -0.552831319988484449E+01    1
   -0.253866139650344858E+01   -0.793592494794320613E+08   -0.553331319988484527E+01    1
   -0.254722108244895917E+01   -0.692878151541733444E+08   -0.553831319988484871E+01    1
   -0.256114242076873788E+01   -0.555708305292289928E+08   -0.554331319988485038E+01    1
   -0.257235745191574106E+01   -0.465272320380992815E+08   -0.554831319988485117E+01    1
   -0.258928860425949114E+01   -0.355898140935502723E+08   -0.555331319988485106E+01    1
   -0.258996730446815526E+01   -0.352097006033256426E+08   -0.555831319988484740E+01    1
   -0.259952618479728681E+01   -0.302689891533910148E+08   -0.556331319988484108E+01    1
   -0.260418274998664856E+01   -0.281203053223900311E+08   -0.556831319988484541E+01    1
   -0.261305670142173785E+01   -0.244398579596748762E+08   -0.557331319988484619E+01    1
   -0.262472846508026159E+01   -0.203238715798588619E+08   -0.557831319988484164E+01    1
   -0.264343479275703430E+01   -0.151261572127451282E+08   -0.558331319988483532E+01    1
   -0.264483873844146711E+01   -0.147946722567040306E+08   -0.558831319988483610E+01    1
   -0.264563102722167987E+01   -0.146108308423829880E+08   -0.559331319988483600E+01    1
   -0.265958316922187787E+01   -0.117240036285127010E+08   -0.559831319988484122E+01    1
   -0.266654525399208087E+01   -0.105049458357361518E+08   -0.560331319988485266E+01    1
   -0.267041360735893285E+01   -0.988339797060192190E+07   -0.560831319988485166E+01    1
   -0.268467639088630694E+01   -0.789375026546970103E+07   -0.561331319988484800E+01    1
   -0.268710387945175189E+01   -0.759755945138633344E+07   -0.561831319988484346E+01    1
   -0.269123293161392230E+01   -0.711912091460593604E+07   -0.562331319988484069E+01    1
   -0.270948162078857457E+01   -0.534123723228985071E+07   -0.562831319988483703E+01    1
   -0.272334984540939340E+01   -0.429412342783070542E+07   -0.563331319988483337E+01    1
   -0.272635105252265930E+01   -0.409612498183399020E+07   -0.563831319988483060E+01    1
   -0.272869938015937841E+01   -0.394760313626851933E+07   -0.564331319988483582E+01    1
   -0.273246626257896441E+01   -0.372055649637645017E+07   -0.564831319988484637E+01    1
   -0.273652917742729196E+01   -0.349031858927005623E+07   -0.565331319988485337E+01    1
   -0.273693551421165449E+01   -0.346809298242032202E+07   -0.565831319988484260E+01    1
   -0.273875304460525548E+01   -0.337040262239813246E+07   -0.566331319988483273E+01    1
   -0.274195300340652448E+01   -0.320506424471821636E+07   -0.566831319988483973E+01    1
   -0.274196693301200867E+01   -0.320436258974864660E+07   -0.567331319988485205E+01    1
   -0.274680356383323687E+01   -0.296981269092493411E+07   -0.567831319988484218E+01    1
   -0.274850161671638471E+01   -0.289161514416234335E+07   -0.568331319988483941E+01    1
   -0.276251434683799779E+01   -0.232027584462141665E+07   -0.568831319988484108E+01    1
   -0.276607273817062360E+01   -0.219417593290074309E+07   -0.569331319988483653E+01    1
   -0.277310107350349444E+01   -0.196493710191693250E+07   -0.569831319988483376E+01    1
   -0.277349925637245187E+01   -0.195269335706121172E+07   -0.570331319988484253E+01    1
   -0.278004990816116315E+01   -0.176190067958796746E+07   -0.570831319988485753E+01    1
   -0.278638482093811035E+01   -0.159518376045700093E+07   -0.571331319988484942E+01    1
   -0.278935329914093000E+01   -0.152259775861353986E+07   -0.571831319988485021E+01    1
   -0.279726576805114746E+01   -0.134488783207496372E+07   -0.572331319988484477E+01    1
   -0.280280567407608050E+01   -0.123298852867012611E+07   -0.572831319988484466E+01    1
   -0.280361914038658178E+01   -0.121736276031244290E+07   -0.573331319988485255E+01    1
   -0.280932710766792315E+01   -0.111316295548685780E+07   -0.573831319988484623E+01    1
   -0.281561626791954023E+01   -0.100867475569974794E+07   -0.574331319988484079E+01    1
   -0.282867113947868365E+01   -0.822106248891517520E+06   -0.574831319988483802E+01    1
   -0.283432429432868993E+01   -0.752453873194345157E+06   -0.575331319988485035E+01    1
   -0.283945503234863317E+01   -0.694373006765983650E+06   -0.575831319988484758E+01    1
   -0.284687520861625654E+01   -0.618232773786480189E+06   -0.576331319988484214E+01    1
   -0.285713385343551618E+01   -0.526553725898922654E+06   -0.576831319988483848E+01    1
   -0.286216753721237183E+01   -0.486686696242675825E+06   -0.577331319988484193E+01    1
   -0.286601663827896136E+01   -0.458256058695809625E+06   -0.577831319988485603E+01    1
   -0.286767052412033063E+01   -0.446557324570777651E+06   -0.578331319988485149E+01    1
   -0.286957242488861120E+01   -0.433474029622397269E+06   -0.578831319988485049E+01    1
   -0.287280318737030038E+01   -0.412124486257321201E+06   -0.579331319988485305E+01    1
   -0.288247531652450562E+01   -0.354308196742936270E+06   -0.579831319988484672E+01    1
   -0.289028269052505493E+01   -0.313626621601531690E+06   -0.580331319988483418E+01    1
   -0.290264549851417542E+01   -0.258572013009614457E+06   -0.580831319988483852E+01    1
   -0.290459575653076207E+01   -0.250819850492642814E+06   -0.581331319988483841E+01    1
   -0.292954888939857483E+01   -0.169960801279970037E+06   -0.581831319988483298E+01    1
   -0.293128725886344910E+01   -0.165418434354242956E+06   -0.582331319988483287E+01    1
   -0.293573295474052465E+01   -0.154348559264709067E+06   -0.582831319988482743E+01    1
   -0.294581889510154760E+01   -0.131914020302474441E+06   -0.583331319988483976E+01    1
   -0.295181632637977609E+01   -0.120158274297801050E+06   -0.583831319988485298E+01    1
   -0.295536056160926819E+01   -0.113712077322712998E+06   -0.584331319988483866E+01    1
   -0.296177089810371408E+01   -0.102922831869894668E+06   -0.584831319988482967E+01    1
   -0.296205402016639718E+01   -0.102470788811854203E+06   -0.585331319988482779E+01    1
   -0.297658962011337280E+01   -0.817561951555233827E+05   -0.585831319988484900E+01    1
   -0.298007745742797869E+01   -0.774473811018643028E+05   -0.586331319988484356E+01    1
   -0.298143950104713440E+01   -0.758274668478465610E+05   -0.586831319988484879E+01    1
   -0.298657137155532837E+01   -0.700244493301455805E+05   -0.587331319988484513E+01    1
   -0.300074548125267038E+01   -0.562155272113466854E+05   -0.587831319988484502E+01    1
   -0.300196664333343488E+01   -0.551627240049363536E+05   -0.588331319988485202E+01    1
   -0.300771934390068063E+01   -0.504644453099485763E+05   -0.588831319988484836E+01    1
   -0.301151997447013864E+01   -0.475840588582034907E+05   -0.589331319988484292E+01    1
   -0.302325266599655151E+01   -0.396976256358782775E+05   -0.589831319988485081E+01    1
   -0.302747163772583017E+01   -0.371967259970513187E+05   -0.590331319988485426E+01    1
   -0.303547232747077933E+01   -0.328834037150697404E+05   -0.590831319988484704E+01    1
   -0.304723299145698556E+01   -0.274447755273412404E+05   -0.591331319988483450E+01    1
   -0.304747421145439157E+01   -0.273433368401305124E+05   -0.591831319988484683E+01    1
   -0.305189499258995056E+01   -0.255503237705022766E+05   -0.592331319988484406E+01    1
   -0.306481000185012809E+01   -0.209677284091220063E+05   -0.592831319988482353E+01    1
   -0.306693126559257490E+01   -0.202994217498388280E+05   -0.593331319988484207E+01    1
   -0.307325779795646659E+01   -0.184326238362144286E+05   -0.593831319988486150E+01    1
   -0.307965794205665588E+01   -0.167224761290173119E+05   -0.594331319988484363E+01    1
   -0.308012226223945618E+01   -0.166049211710863237E+05   -0.594831319988483731E+01    1
   -0.308095985054969779E+01   -0.163950038036826300E+05   -0.595331319988485230E+01    1
   -0.309156231880187971E+01   -0.139617566038397254E+05   -0.595831319988485220E+01    1
   -0.310410077571868914E+01   -0.115580321222194980E+05   -0.596331319988484676E+01    1
   -0.311130747795104989E+01   -0.103747711295608278E+05   -0.596831319988483333E+01    1
   -0.311280372142791739E+01   -0.101453299191379756E+05   -0.597331319988483767E+01    1
   -0.311372579336166400E+01   -0.100065767570466596E+05   -0.597831319988483756E+01    1
   -0.311930941343307477E+01   -0.920764704231707219E+04   -0.598331319988483834E+01    1
   -0.312023227810859671E+01   -0.908216651528074544E+04   -0.598831319988485067E+01    1
   -0.312323088049888620E+01   -0.868668972943564222E+04   -0.599331319988483902E+01    1
   -0.313114176392555255E+01   -0.772786214677986572E+04   -0.599831319988483536E+01    1
   -0.313192499279975900E+01   -0.763920623467995847E+04   -0.600331319988484058E+01    1
   -0.313602561950683612E+01   -0.719230484131668163E+04   -0.600831319988484402E+01    1
   -0.313781630992889404E+01   -0.700593150197006526E+04   -0.601331319988484836E+01    1
   -0.314334262609481829E+01   -0.646248649771792952E+04   -0.601831319988485181E+01    1
   -0.314393729567527780E+01   -0.640674905370336091E+04   -0.602331319988484992E+01    1
   -0.314443230628967285E+01   -0.636074485992681002E+04   -0.602831319988484537E+01    1
   -0.315034774541854867E+01   -0.583759418296063359E+04   -0.603331319988483905E+01    1
   -0.315075895190238953E+01   -0.580298954864034567E+04   -0.603831319988483450E+01    1
   -0.315147196650505057E+01   -0.574350977936388335E+04   -0.604331319988483973E+01    1
   -0.315266289114952070E+01   -0.564562499666152326E+04   -0.604831319988484406E+01    1
   -0.315316016674041766E+01   -0.560528748625930530E+04   -0.605331319988484662E+01    1
   -0.315612275600433367E+01   -0.537134414876160008E+04   -0.605831319988484918E+01    1
   -0.315688039064407366E+01   -0.531323139418065784E+04   -0.606331319988484108E+01    1
   -0.315704969763755816E+01   -0.530033860840044508E+04   -0.606831319988483475E+01    1
   -0.315865058302879342E+01   -0.518009784284990292E+04   -0.607331319988483642E+01    1
   -0.316760312914848319E+01   -0.456028848346836821E+04   -0.607831319988483898E+01    1
   -0.317183274626731881E+01   -0.429621909073468487E+04   -0.608331319988483799E+01    1
   -0.318374765515327462E+01   -0.363947033578574883E+04   -0.608831319988483255E+01    1
   -0.318397970199584979E+01   -0.362785221984844975E+04   -0.609331319988483422E+01    1
   -0.318915698528289804E+01   -0.337927340536605152E+04   -0.609831319988483944E+01    1
   -0.319064269661903399E+01   -0.331156742246235535E+04   -0.610331319988484200E+01    1
   -0.319137598276138323E+01   -0.327872428123049121E+04   -0.610831319988484456E+01    1
   -0.319181459546089163E+01   -0.325925802255793133E+04   -0.611331319988484534E+01    1
   -0.319259748458862314E+01   -0.322484150137969118E+04   -0.611831319988484612E+01    1
   -0.319324957132339460E+01   -0.319649419139830025E+04   -0.612331319988484957E+01    1
   -0.320090519189834577E+01   -0.288438407882885440E+04   -0.612831319988484058E+01    1
   -0.320415509343147287E+01   -0.276275154368445692E+04   -0.613331319988483337E+01    1
   -0.321855490803718558E+01   -0.229219649023825696E+04   -0.613831319988484392E+01    1
   -0.321895592212676984E+01   -0.228054583953469046E+04   -0.614331319988484204E+01    1
   -0.322017470598220834E+01   -0.224558083163827405E+04   -0.614831319988483216E+01    1
   -0.322065465450286847E+01   -0.223199335026405970E+04   -0.615331319988483472E+01    1
   -0.322395280003547668E+01   -0.214132491916532763E+04   -0.615831319988484527E+01    1
   -0.322631947398185748E+01   -0.207908050106280461E+04   -0.616331319988484516E+01    1
   -0.323190524578094474E+01   -0.194097877901407787E+04   -0.616831319988484594E+01    1
   -0.323852803707122794E+01   -0.179210537889550483E+04   -0.617331319988485472E+01    1
   -0.324354133605957040E+01   -0.168922036521775135E+04   -0.617831319988485106E+01    1
   -0.326172683238983163E+01   -0.137691254798316731E+04   -0.618331319988484296E+01    1
   -0.326983895897865295E+01   -0.126379437742646860E+04   -0.618831319988483397E+01    1
   -0.326985707879066467E+01   -0.126355743695117417E+04   -0.619331319988483742E+01    1
   -0.327187132239341727E+01   -0.123763299545551445E+04   -0.619831319988484619E+01    1
   -0.327201016545295698E+01   -0.123587593396427360E+04   -0.620331319988484164E+01    1
   -0.328080857992172259E+01   -0.113197221384687919E+04   -0.620831319988483532E+01    1
   -0.329555855989456159E+01   -0.986912938212239851E+03   -0.621331319988483433E+01    1
   -0.329738016724586469E+01   -0.971214700020428268E+03   -0.621831319988484221E+01    1
   -0.330270988345146188E+01   -0.927778317833993469E+03   -0.622331319988484033E+01    1
   -0.330548391342163095E+01   -0.906567521863682259E+03   -0.622831319988483223E+01    1
   -0.330969971418380737E+01   -0.876050331824668774E+03   -0.623331319988483390E+01    1
   -0.330998997092247027E+01   -0.874022630415354229E+03   -0.623831319988483735E+01    1
   -0.331126583218574533E+01   -0.865218406943480431E+03   -0.624331319988483990E+01    1
   -0.331432355046272287E+01   -0.844822732806679824E+03   -0.624831319988484335E+01    1
   -0.331997647881507874E+01   -0.809602487408460661E+03   -0.625331319988484591E+01    1
   -0.332560551166534424E+01   -0.777507831384029259E+03   -0.625831319988483958E+01    1
   -0.332713052034378043E+01   -0.769291057326058194E+03   -0.626331319988483415E+01    1
   -0.333092480897903442E+01   -0.749683030991201122E+03   -0.626831319988484559E+01    1
   -0.333119785189628592E+01   -0.748316668647947949E+03   -0.627331319988484815E+01    1
   -0.333395274281501752E+01   -0.734854384687821948E+03   -0.627831319988483649E+01    1
   -0.333508738279342642E+01   -0.729477374566720755E+03   -0.628331319988483905E+01    1
   -0.334451749920845032E+01   -0.688321093869468541E+03   -0.628831319988483806E+01    1
   -0.334518736600875854E+01   -0.685623833070040064E+03   -0.629331319988483973E+01    1
   -0.335292214751243600E+01   -0.656460167695503515E+03   -0.629831319988483962E+01    1
   -0.335778867602348319E+01   -0.639855677808156770E+03   -0.630331319988484040E+01    1
   -0.335784020423889151E+01   -0.639686609549290779E+03   -0.630831319988484474E+01    1
   -0.335839534997940081E+01   -0.637873841823947942E+03   -0.631331319988484196E+01    1
   -0.336266075372695905E+01   -0.624464160804936000E+03   -0.631831319988484985E+01    1
   -0.336347172856330889E+01   -0.622015415628578580E+03   -0.632331319988484353E+01    1
   -0.336513116359710684E+01   -0.617101655727520665E+03   -0.632831319988483898E+01    1
   -0.336566365957260150E+01   -0.615552045127441261E+03   -0.633331319988484243E+01    1
   -0.336814290285110474E+01   -0.608506834124896841E+03   -0.633831319988483788E+01    1
   -0.336990935802459735E+01   -0.603653308938403370E+03   -0.634331319988483155E+01    1
   -0.337240819334983843E+01   -0.597015480875198364E+03   -0.634831319988484033E+01    1
   -0.337241544127464277E+01   -0.596996607675249606E+03   -0.635331319988483934E+01    1
   -0.337732602357864398E+01   -0.584695775367642000E+03   -0.635831319988483212E+01    1
   -0.337755252122879046E+01   -0.584151205401224047E+03   -0.636331319988484445E+01    1
   -0.338304028865468531E+01   -0.571538251283804811E+03   -0.636831319988484967E+01    1
   -0.338640008568763751E+01   -0.564341842973742700E+03   -0.637331319988483980E+01    1
   -0.338818658590316790E+01   -0.560669066229294117E+03   -0.637831319988483436E+01    1
   -0.339446147680282584E+01   -0.548565994375324749E+03   -0.638331319988483781E+01    1
   -0.339734784960746783E+01   -0.543392307798628508E+03   -0.638831319988484392E+01    1
   -0.340686981081962603E+01   -0.527920216844499237E+03   -0.639331319988484115E+01    1
   -0.341005617976188669E+01   -0.523246755002114014E+03   -0.639831319988483305E+01    1
   -0.341591012477874756E+01   -0.515258182014124259E+03   -0.640331319988484182E+01    1
   -0.341706220507621783E+01   -0.513772368848480369E+03   -0.640831319988484349E+01    1
   -0.343291296362876874E+01   -0.495892204374047878E+03   -0.641331319988483894E+01    1
   -0.343316380977630597E+01   -0.495644315315434824E+03   -0.641831319988484950E+01    1
   -0.343331794142723101E+01   -0.495492497447550420E+03   -0.642331319988485028E+01    1
   -0.343332802057266218E+01   -0.495482582752058875E+03   -0.642831319988483774E+01    1
   -0.343670272231101981E+01   -0.492251994219244295E+03   -0.643331319988483941E+01    1
   -0.343775287866592416E+01   -0.491282077241202273E+03   -0.643831319988484374E+01    1
   -0.343892160654068002E+01   -0.490221826859671182E+03   -0.644331319988484097E+01    1
   -0.344177204694166639E+01   -0.487718456948277492E+03   -0.644831319988483465E+01    1
   -0.344688684940338153E+01   -0.483506129903182341E+03   -0.645331319988483099E+01    1
   -0.344960935115814227E+01   -0.481402468412184021E+03   -0.645831319988484331E+01    1
   -0.345269934535026568E+01   -0.479124871757647838E+03   -0.646331319988484321E+01    1
   -0.345625649094581622E+01   -0.476640818290877007E+03   -0.646831319988483155E+01    1
   -0.346120469862059599E+01   -0.473416234193763955E+03   -0.647331319988483944E+01    1
   -0.346479613184928903E+01   -0.471233665141376662E+03   -0.647831319988485355E+01    1
   -0.346730731129646319E+01   -0.469781970924342090E+03   -0.648331319988484722E+01    1
   -0.347565732825184615E+01   -0.465362925527717039E+03   -0.648831319988484090E+01    1
   -0.347574344277381897E+01   -0.465320435552124479E+03   -0.649331319988484612E+01    1
   -0.347721069455146781E+01   -0.464605652304875832E+03   -0.649831319988484424E+01    1
   -0.347921791672706604E+01   -0.463655375461396488E+03   -0.650331319988484946E+01    1
   -0.348015816816452572E+01   -0.463220930694456626E+03   -0.650831319988485468E+01    1
   -0.349179979165422649E+01   -0.458365687931722675E+03   -0.651331319988484125E+01    1
   -0.349790816307067853E+01   -0.456169461807756477E+03   -0.651831319988483759E+01    1
   -0.350160514389652588E+01   -0.454944904674767145E+03   -0.652331319988484726E+01    1
   -0.350204457640647870E+01   -0.454804318199749787E+03   -0.652831319988484449E+01    1
   -0.350372575521469098E+01   -0.454275907771736399E+03   -0.653331319988484527E+01    1
   -0.350454250574111947E+01   -0.454024516141723666E+03   -0.653831319988484161E+01    1
   -0.350531746745109540E+01   -0.453789148129213117E+03   -0.654331319988482818E+01    1
   -0.350946192145347613E+01   -0.452581093846497879E+03   -0.654831319988484228E+01    1
   -0.351059463620185852E+01   -0.452265308660526784E+03   -0.655331319988485284E+01    1
   -0.351643238663673419E+01   -0.450730119703969422E+03   -0.655831319988484385E+01    1
   -0.352682704329490671E+01   -0.448345678020110768E+03   -0.656331319988483930E+01    1
   -0.352712250947952288E+01   -0.448283877302509723E+03   -0.656831319988484008E+01    1
   -0.352720042467117301E+01   -0.448267632204839856E+03   -0.657331319988483909E+01    1
   -0.352733507752418518E+01   -0.448239608398465293E+03   -0.657831319988483187E+01    1
   -0.352952626282451920E+01   -0.447792533850493783E+03   -0.658331319988483976E+01    1
   -0.353132120966911334E+01   -0.447438598705176105E+03   -0.658831319988485653E+01    1
   -0.353649384975433367E+01   -0.446477591082789161E+03   -0.659331319988485998E+01    1
   -0.354022551178932199E+01   -0.445835610649345881E+03   -0.659831319988484832E+01    1
   -0.354037783145904550E+01   -0.445810275864211121E+03   -0.660331319988483045E+01    1
   -0.354043105840682992E+01   -0.445801438559413441E+03   -0.660831319988482591E+01    1
   -0.354238029718399039E+01   -0.445483356788556193E+03   -0.661331319988482402E+01    1
   -0.354277428984642029E+01   -0.445420360228763570E+03   -0.661831319988482214E+01    1
   -0.354611550623313354E+01   -0.444903115637401527E+03   -0.662331319988483358E+01    1
   -0.355256804823875427E+01   -0.443985666451785676E+03   -0.662831319988484857E+01    1
   -0.355451932549476624E+01   -0.443728052988397906E+03   -0.663331319988483958E+01    1
   -0.355695881843566886E+01   -0.443418189129128621E+03   -0.663831319988483415E+01    1
   -0.355862470865249625E+01   -0.443214128119143197E+03   -0.664331319988484559E+01    1
   -0.355873512625694266E+01   -0.443200813967779141E+03   -0.664831319988485259E+01    1
   -0.356440539621969998E+01   -0.442551006977254985E+03   -0.665331319988484182E+01    1
   -0.356613401174545297E+01   -0.442365611497288000E+03   -0.665831319988482750E+01    1
   -0.356962104305643413E+01   -0.442008638698981372E+03   -0.666331319988483006E+01    1
   -0.357922787315025559E+01   -0.441133748524419445E+03   -0.666831319988484506E+01    1
   -0.358621937036514282E+01   -0.440586759917905397E+03   -0.667331319988485649E+01    1
   -0.358909362554550171E+01   -0.440381556259354909E+03   -0.667831319988485284E+01    1
   -0.358923445530313856E+01   -0.440371780356838030E+03   -0.668331319988484029E+01    1
   -0.358988806605339050E+01   -0.440326742639406348E+03   -0.668831319988483841E+01    1
   -0.359067854285240173E+01   -0.440273001027529290E+03   -0.669331319988484719E+01    1
   -0.359137411713600141E+01   -0.440226362008203409E+03   -0.669831319988484797E+01    1
   -0.359175859689712507E+01   -0.440200840847665575E+03   -0.670331319988483809E+01    1
   -0.359450537046616869E+01   -0.440023758424337302E+03   -0.670831319988483976E+01    1
   -0.359689737558364886E+01   -0.439876815590169940E+03   -0.671331319988484232E+01    1
   -0.359844328973393690E+01   -0.439785316213216049E+03   -0.671831319988483333E+01    1
   -0.359897266030311602E+01   -0.439754594149394165E+03   -0.672331319988483767E+01    1
   -0.359994807243347159E+01   -0.439698787548703194E+03   -0.672831319988484289E+01    1
   -0.360217046737670898E+01   -0.439575437707602646E+03   -0.673331319988483568E+01    1
   -0.360952733755111677E+01   -0.439202648705283707E+03   -0.673831319988484179E+01    1
   -0.360969302647820056E+01   -0.439194847814240802E+03   -0.674331319988485056E+01    1
   -0.361055937409400940E+01   -0.439154465702846835E+03   -0.674831319988484069E+01    1
   -0.361185584664344805E+01   -0.439095294012075840E+03   -0.675331319988483436E+01    1
   -0.361282131658304362E+01   -0.439052193071158513E+03   -0.675831319988484047E+01    1
   -0.361531050205230731E+01   -0.438944763598675877E+03   -0.676331319988484037E+01    1
   -0.361532282792885962E+01   -0.438944244618994503E+03   -0.676831319988484292E+01    1
   -0.361535693388891088E+01   -0.438942809248711171E+03   -0.677331319988485081E+01    1
   -0.361886422122903095E+01   -0.438800256745448394E+03   -0.677831319988483383E+01    1
   -0.362422952651977548E+01   -0.438600604689660543E+03   -0.678331319988484083E+01    1
   -0.362478965520858765E+01   -0.438580977975100893E+03   -0.678831319988483806E+01    1
   -0.362877250313758859E+01   -0.438447686429439329E+03   -0.679331319988483973E+01    1
   -0.363052833959059207E+01   -0.438392290621832046E+03   -0.679831319988484761E+01    1
   -0.363194148827901353E+01   -0.438349141771214988E+03   -0.680331319988484751E+01    1
   -0.363197427430429931E+01   -0.438348155603726354E+03   -0.680831319988484740E+01    1
   -0.363273862714319495E+01   -0.438325353985432059E+03   -0.681331319988484818E+01    1
   -0.363368340127805345E+01   -0.438297666759478886E+03   -0.681831319988484630E+01    1
   -0.363492927551269540E+01   -0.438261980737957401E+03   -0.682331319988483997E+01    1
   -0.363562496304512006E+01   -0.438242455507252032E+03   -0.682831319988483543E+01    1
   -0.363582003584158286E+01   -0.438237031602954289E+03   -0.683331319988483443E+01    1
   -0.363633330805480881E+01   -0.438222866219155321E+03   -0.683831319988483255E+01    1
   -0.363703536737634137E+01   -0.438203737157273622E+03   -0.684331319988483955E+01    1
   -0.363891721963882464E+01   -0.438153842021074126E+03   -0.684831319988484566E+01    1
   -0.363909852089681873E+01   -0.438149139478580878E+03   -0.685331319988484111E+01    1
   -0.364403697252273551E+01   -0.438027826607783766E+03   -0.685831319988483479E+01    1
   -0.364624088859607021E+01   -0.437977731992802319E+03   -0.686331319988483557E+01    1
   -0.364635789394378662E+01   -0.437975139333293782E+03   -0.686831319988483724E+01    1
   -0.364638522902382878E+01   -0.437974534587696837E+03   -0.687331319988484513E+01    1
   -0.365258820454964361E+01   -0.437846345732375880E+03   -0.687831319988484946E+01    1
   -0.365309944858923785E+01   -0.437836552373318682E+03   -0.688331319988484580E+01    1
   -0.365332567250273677E+01   -0.437832254835423782E+03   -0.688831319988484214E+01    1
   -0.365444869882678169E+01   -0.437811244216129353E+03   -0.689331319988483937E+01    1
   -0.365465008616447440E+01   -0.437807532866763552E+03   -0.689831319988484282E+01    1
   -0.365831923484802246E+01   -0.437742829594036891E+03   -0.690331319988484982E+01    1
   -0.365864874373905069E+01   -0.437737282682699970E+03   -0.690831319988484704E+01    1
   -0.366017120910806426E+01   -0.437712199824259244E+03   -0.691331319988484871E+01    1
   -0.366098058223724365E+01   -0.437699225069719319E+03   -0.691831319988485216E+01    1
   -0.366398675748448222E+01   -0.437653152177668176E+03   -0.692331319988485028E+01    1
   -0.399681043940602310E+01   -0.437629246709694200E+03   -0.692831319988485284E+01    1
   -0.399676441055289278E+01   -0.437629194014453617E+03   -0.693331319988485451E+01    1
   -0.399600242972373954E+01   -0.437628319475333853E+03   -0.693831319988484641E+01    1
   -0.399557718038558951E+01   -0.437627829601660437E+03   -0.694331319988484630E+01    1
   -0.399519247412681588E+01   -0.437627385314328592E+03   -0.694831319988485152E+01    1
   -0.366618511759544674E+01   -0.437621497744565602E+03   -0.695331319988484609E+01    1
   -0.398745372891426086E+01   -0.437618219726890288E+03   -0.695831319988484598E+01    1
   -0.398584689910387358E+01   -0.437616261359438965E+03   -0.696331319988484143E+01    1
   -0.366661224593775126E+01   -0.437615540521346986E+03   -0.696831319988483866E+01    1
   -0.398420394062995920E+01   -0.437614239013187671E+03   -0.697331319988484655E+01    1
   -0.398167554736137408E+01   -0.437611087072354849E+03   -0.697831319988484200E+01    1
   -0.398156059980392474E+01   -0.437610942626702979E+03   -0.698331319988483745E+01    1
   -0.398130384769115775E+01   -0.437610619623787841E+03   -0.698831319988484800E+01    1
   -0.398120827055921112E+01   -0.437610499256506728E+03   -0.699331319988485145E+01    1
   -0.397989104828278339E+01   -0.437608833294182659E+03   -0.699831319988484868E+01    1
   -0.397940479516983014E+01   -0.437608214955663129E+03   -0.700331319988484413E+01    1
   -0.397794041967505896E+01   -0.437606341849590649E+03   -0.700831319988484314E+01    1
   -0.397778826365049643E+01   -0.437606146279196366E+03   -0.701331319988484658E+01    1
   -0.397491152397955672E+01   -0.437602415061240777E+03   -0.701831319988483759E+01    1
   -0.397485214195780578E+01   -0.437602337364905452E+03   -0.702331319988483749E+01    1
   -0.397419090374215500E+01   -0.437601470335417162E+03   -0.702831319988484360E+01    1
   -0.397381302118301383E+01   -0.437600973316947204E+03   -0.703331319988484438E+01    1
   -0.397324786393013785E+01   -0.437600227899570825E+03   -0.703831319988484427E+01    1
   -0.397266091176166913E+01   -0.437599451089826005E+03   -0.704331319988483884E+01    1
   -0.397075606342961862E+01   -0.437596911457914018E+03   -0.704831319988483429E+01    1
   -0.397011829614154887E+01   -0.437596054768702970E+03   -0.705331319988483951E+01    1
   -0.396681673526763934E+01   -0.437591568344081679E+03   -0.705831319988484029E+01    1
   -0.396459442590366118E+01   -0.437588499515085573E+03   -0.706331319988483308E+01    1
   -0.396360556483268756E+01   -0.437587121225861210E+03   -0.706831319988483653E+01    1
   -0.396310353279113770E+01   -0.437586418469443174E+03   -0.707331319988483820E+01    1
   -0.396283785104751596E+01   -0.437586045738342762E+03   -0.707831319988484164E+01    1
   -0.395873337388038626E+01   -0.437580214728221392E+03   -0.708331319988484420E+01    1
   -0.395827766060829145E+01   -0.437579558856500057E+03   -0.708831319988484587E+01    1
   -0.395704902410507220E+01   -0.437577782106779068E+03   -0.709331319988484488E+01    1
   -0.395599592328071603E+01   -0.437576249343200004E+03   -0.709831319988484566E+01    1
   -0.395310124188766610E+01   -0.437571989122770560E+03   -0.710331319988485177E+01    1
   -0.395272942460208965E+01   -0.437571436883838601E+03   -0.710831319988483834E+01    1
   -0.395222235918045062E+01   -0.437570681921346306E+03   -0.711331319988484179E+01    1
   -0.395193227145793724E+01   -0.437570249054541364E+03   -0.711831319988484612E+01    1
   -0.394862502657929371E+01   -0.437565264511661837E+03   -0.712331319988483891E+01    1
   -0.394763285116918583E+01   -0.437563751345325670E+03   -0.712831319988484591E+01    1
   -0.394760393000776588E+01   -0.437563707114107331E+03   -0.713331319988484669E+01    1
   -0.367065979493416084E+01   -0.437562083530616576E+03   -0.713831319988484037E+01    1
   -0.394615571967209799E+01   -0.437561483297542054E+03   -0.714331319988484736E+01    1
   -0.367092119171790676E+01   -0.437558812167043129E+03   -0.714831319988484726E+01    1
   -0.394427381909090613E+01   -0.437558567212174410E+03   -0.715331319988484537E+01    1
   -0.393921131401052804E+01   -0.437550574419014367E+03   -0.715831319988484793E+01    1
   -0.393591973781585702E+01   -0.437545261166679666E+03   -0.716331319988484694E+01    1
   -0.393344505916229981E+01   -0.437541205909611733E+03   -0.716831319988484861E+01    1
   -0.393343148810205134E+01   -0.437541183527013459E+03   -0.717331319988483695E+01    1
   -0.392339781522750863E+01   -0.437524205573470056E+03   -0.717831319988482885E+01    1
   -0.392306871414184588E+01   -0.437523634174456902E+03   -0.718331319988483852E+01    1
   -0.392225463352451831E+01   -0.437522216775202253E+03   -0.718831319988485085E+01    1
   -0.392139353752136222E+01   -0.437520711384682670E+03   -0.719331319988485518E+01    1
   -0.367423772617277056E+01   -0.437519125956985761E+03   -0.719831319988485241E+01    1
   -0.391646194513592860E+01   -0.437511968667613985E+03   -0.720331319988484253E+01    1
   -0.391605951786041251E+01   -0.437511246163736701E+03   -0.720831319988484509E+01    1
   -0.391529131011441445E+01   -0.437509863157476957E+03   -0.721331319988484676E+01    1
   -0.391379209690198149E+01   -0.437507149806271627E+03   -0.721831319988483600E+01    1
   -0.391207416104075234E+01   -0.437504017389065098E+03   -0.722331319988483056E+01    1
   -0.391124451756477365E+01   -0.437502495799604276E+03   -0.722831319988483489E+01    1
   -0.391070171594619742E+01   -0.437501497174592828E+03   -0.723331319988484633E+01    1
   -0.391066219210624677E+01   -0.437501424364173317E+03   -0.723831319988483735E+01    1
   -0.390968881845474225E+01   -0.437499627117579450E+03   -0.724331319988483013E+01    1
   -0.390932935066131426E+01   -0.437498961399210998E+03   -0.724831319988484335E+01    1
   -0.390651592612266541E+01   -0.437493714069563168E+03   -0.725331319988483436E+01    1
   -0.390649855542368396E+01   -0.437493681468306136E+03   -0.725831319988483248E+01    1
   -0.390573666095733651E+01   -0.437492249105470478E+03   -0.726331319988484214E+01    1
   -0.390514949828378066E+01   -0.437491141985385696E+03   -0.726831319988484292E+01    1
   -0.390472500920295706E+01   -0.437490339833309520E+03   -0.727331319988484726E+01    1
   -0.390465638041496277E+01   -0.437490210007780490E+03   -0.727831319988484715E+01    1
   -0.390426918270113799E+01   -0.437489476821782716E+03   -0.728331319988484704E+01    1
   -0.390412716865539533E+01   -0.437489207601227577E+03   -0.728831319988484694E+01    1
   -0.390375276803970328E+01   -0.437488497049157672E+03   -0.729331319988483617E+01    1
   -0.390269039054471589E+01   -0.437486474613029884E+03   -0.729831319988483163E+01    1
   -0.390168175772892845E+01   -0.437484546014105149E+03   -0.730331319988482885E+01    1
   -0.390140693784610360E+01   -0.437484019106809399E+03   -0.730831319988481987E+01    1
   -0.390102154612541208E+01   -0.437483279175741188E+03   -0.731331319988482242E+01    1
   -0.389378336071968079E+01   -0.437469162608794079E+03   -0.731831319988482765E+01    1
   -0.367907638425860783E+01   -0.437466976241243287E+03   -0.732331319988483465E+01    1
   -0.389170649051666251E+01   -0.437465036515244606E+03   -0.732831319988483276E+01    1
   -0.388967119871543332E+01   -0.437460961131459612E+03   -0.733331319988482555E+01    1
   -0.388807491945710337E+01   -0.437457743036954696E+03   -0.733831319988482544E+01    1
   -0.388669854527648573E+01   -0.437454953115844319E+03   -0.734331319988483955E+01    1
   -0.388632498216382993E+01   -0.437454193502903763E+03   -0.734831319988483767E+01    1
   -0.388480339087120363E+01   -0.437451088989952154E+03   -0.735331319988483134E+01    1
   -0.388420398235321063E+01   -0.437449861433947206E+03   -0.735831319988484989E+01    1
   -0.368107260103072154E+01   -0.437447329355350291E+03   -0.736331319988484001E+01    1
   -0.388024628537218819E+01   -0.437441692686408203E+03   -0.736831319988482036E+01    1
   -0.388018931150436419E+01   -0.437441574298628439E+03   -0.737331319988482381E+01    1
   -0.387837486811460597E+01   -0.437437792511829457E+03   -0.737831319988483525E+01    1
   -0.387662211189906269E+01   -0.437434118456051124E+03   -0.738331319988483958E+01    1
   -0.387562720176448172E+01   -0.437432024042503883E+03   -0.738831319988483326E+01    1
   -0.387469625050984456E+01   -0.437430058522124739E+03   -0.739331319988483848E+01    1
   -0.387371027751985375E+01   -0.437427970864214160E+03   -0.739831319988484815E+01    1
   -0.387312495445941884E+01   -0.437426728659269543E+03   -0.740331319988484626E+01    1
   -0.387255173219892690E+01   -0.437425510090019429E+03   -0.740831319988483994E+01    1
   -0.387142137475858394E+01   -0.437423101296833295E+03   -0.741331319988483362E+01    1
   -0.387116485238075247E+01   -0.437422553578479551E+03   -0.741831319988483440E+01    1
   -0.387086617452214155E+01   -0.437421915358000547E+03   -0.742331319988483784E+01    1
   -0.386904646504475647E+01   -0.437418015677115932E+03   -0.742831319988483507E+01    1
   -0.386835611120746936E+01   -0.437416531249751301E+03   -0.743331319988483408E+01    1
   -0.386676560469189656E+01   -0.437413101139324795E+03   -0.743831319988484285E+01    1
   -0.386664633750915510E+01   -0.437412843366018194E+03   -0.744331319988484630E+01    1
   -0.386637680530548078E+01   -0.437412260540048408E+03   -0.744831319988484708E+01    1
   -0.386635290980339041E+01   -0.437412208850439526E+03   -0.745331319988485053E+01    1
   -0.368497925400733939E+01   -0.437411833418377455E+03   -0.745831319988483887E+01    1
   -0.386557930707931519E+01   -0.437410533780639526E+03   -0.746331319988483877E+01    1
   -0.386477181908522738E+01   -0.437408781970433552E+03   -0.746831319988484577E+01    1
   -0.368547732234001169E+01   -0.437407577951236078E+03   -0.747331319988484211E+01    1
   -0.386419900141974670E+01   -0.437407537217920833E+03   -0.747831319988484289E+01    1
   -0.386313188672065744E+01   -0.437405213900294086E+03   -0.748331319988483656E+01    1
   -0.386253801073667358E+01   -0.437403918463040725E+03   -0.748831319988483557E+01    1
   -0.386103423152101710E+01   -0.437400630618632078E+03   -0.749331319988483635E+01    1
   -0.386099680662155142E+01   -0.437400548657048716E+03   -0.749831319988484157E+01    1
   -0.386088072657585135E+01   -0.437400294397105654E+03   -0.750331319988484857E+01    1
   -0.368643065094947797E+01   -0.437399597421887279E+03   -0.750831319988484225E+01    1
   -0.368651728630065900E+01   -0.437398882796566397E+03   -0.751331319988483948E+01    1
   -0.385897508885109808E+01   -0.437396111568179606E+03   -0.751831319988483671E+01    1
   -0.385894163151488057E+01   -0.437396037986143369E+03   -0.752331319988483926E+01    1
   -0.368691612305909056E+01   -0.437395615544066970E+03   -0.752831319988484982E+01    1
   -0.385804048336887728E+01   -0.437394054301428923E+03   -0.753331319988484971E+01    1
   -0.368727597447892474E+01   -0.437392699377146755E+03   -0.753831319988484694E+01    1
   -0.385701374886632298E+01   -0.437391790017887729E+03   -0.754331319988484239E+01    1
   -0.385693830847740182E+01   -0.437391623477506926E+03   -0.754831319988483518E+01    1
   -0.385684278712057482E+01   -0.437391412574047649E+03   -0.755331319988483774E+01    1
   -0.385615009665489206E+01   -0.437389882084933276E+03   -0.755831319988483674E+01    1
   -0.385555149080405579E+01   -0.437388557968679379E+03   -0.756331319988483397E+01    1
   -0.385494082570075980E+01   -0.437387205778106647E+03   -0.756831319988484097E+01    1
   -0.368889484925011635E+01   -0.437379946986904827E+03   -0.757331319988484619E+01    1
   -0.385121912956237811E+01   -0.437378936605403112E+03   -0.757831319988483809E+01    1
   -0.385067971166311729E+01   -0.437377734389683155E+03   -0.758331319988483266E+01    1
   -0.384862652420997620E+01   -0.437373150892820888E+03   -0.758831319988483433E+01    1
   -0.368985937237739581E+01   -0.437372629116001065E+03   -0.759331319988483688E+01    1
   -0.384644897040985878E+01   -0.437368278228170652E+03   -0.759831319988484566E+01    1
   -0.384625033736228961E+01   -0.437367833231312204E+03   -0.760331319988484200E+01    1
   -0.384623108506202716E+01   -0.437367790096185900E+03   -0.760831319988483390E+01    1
   -0.369053399562835693E+01   -0.437367632448861229E+03   -0.761331319988484001E+01    1
   -0.384461842179298419E+01   -0.437364174387141304E+03   -0.761831319988484612E+01    1
   -0.369116849053577800E+01   -0.437363023124340202E+03   -0.762331319988484690E+01    1
   -0.384341762258070041E+01   -0.437361479235897491E+03   -0.762831319988485124E+01    1
   -0.369147743334821410E+01   -0.437360810095249349E+03   -0.763331319988484047E+01    1
   -0.384304775418519728E+01   -0.437360648654130557E+03   -0.763831319988482971E+01    1
   -0.384223861098289499E+01   -0.437358831018320757E+03   -0.764331319988483493E+01    1
   -0.384183216094970703E+01   -0.437357917693877255E+03   -0.764831319988483571E+01    1
   -0.384178397434903918E+01   -0.437357809403241731E+03   -0.765331319988484093E+01    1
   -0.369226878731561436E+01   -0.437355233936695299E+03   -0.765831319988484260E+01    1
   -0.383870479464530945E+01   -0.437350885747033203E+03   -0.766331319988484161E+01    1
   -0.369312621396015706E+01   -0.437349340527369293E+03   -0.766831319988484506E+01    1
   -0.383614391267369559E+01   -0.437345125264625494E+03   -0.767331319988483607E+01    1
   -0.369376136064529437E+01   -0.437345072957488696E+03   -0.767831319988483152E+01    1
   -0.383526916503906268E+01   -0.437343157970835136E+03   -0.768331319988483941E+01    1
   -0.383467925190925607E+01   -0.437341831528895227E+03   -0.768831319988484463E+01    1
   -0.383407554461603350E+01   -0.437340474358446272E+03   -0.769331319988483830E+01    1
   -0.383369181080066745E+01   -0.437339611881022165E+03   -0.769831319988483997E+01    1
   -0.369462307351453978E+01   -0.437339414475851640E+03   -0.770331319988484786E+01    1
   -0.383315452384976840E+01   -0.437338404548441304E+03   -0.770831319988485042E+01    1
   -0.369518580436706534E+01   -0.437335799863262423E+03   -0.771331319988483699E+01    1
   -0.369534416365333040E+01   -0.437334794032358502E+03   -0.771831319988483866E+01    1
   -0.383121666908264169E+01   -0.437334053286451251E+03   -0.772331319988485099E+01    1
   -0.383073121840290609E+01   -0.437332964228135893E+03   -0.772831319988484200E+01    1
   -0.382958158907886137E+01   -0.437330387045437305E+03   -0.773331319988482768E+01    1
   -0.369656366795316638E+01   -0.437327213432306849E+03   -0.773831319988483823E+01    1
   -0.369660276061811555E+01   -0.437326975219957035E+03   -0.774331319988485056E+01    1
   -0.369729390838918137E+01   -0.437322812242721682E+03   -0.774831319988484424E+01    1
   -0.382590077648728455E+01   -0.437322158398722081E+03   -0.775331319988483525E+01    1
   -0.369745497107505816E+01   -0.437321855246042787E+03   -0.775831319988483070E+01    1
   -0.369805171344155781E+01   -0.437318352397436684E+03   -0.776331319988483504E+01    1
   -0.369811757661994100E+01   -0.437317969897650642E+03   -0.776831319988483138E+01    1
   -0.382343941926956177E+01   -0.437316681306602447E+03   -0.777331319988483305E+01    1
   -0.369843040335777706E+01   -0.437316164256514526E+03   -0.777831319988483827E+01    1
   -0.382275755489557945E+01   -0.437315168431347274E+03   -0.778331319988484172E+01    1
   -0.382216548323631278E+01   -0.437313856508267577E+03   -0.778831319988484072E+01    1
   -0.382170014381408674E+01   -0.437312826578537340E+03   -0.779331319988484150E+01    1
   -0.382098463773727426E+01   -0.437311245072255701E+03   -0.779831319988484672E+01    1
   -0.382072167896424109E+01   -0.437310664512745461E+03   -0.780331319988483241E+01    1
   -0.382044870734707320E+01   -0.437310062237475449E+03   -0.780831319988482697E+01    1
   -0.382034265328614975E+01   -0.437309828352350451E+03   -0.781331319988483575E+01    1
   -0.369971484933743122E+01   -0.437308940554204298E+03   -0.781831319988483564E+01    1
   -0.381970063752299804E+01   -0.437308413822811190E+03   -0.782331319988483376E+01    1
   -0.381953804165669730E+01   -0.437308055951980521E+03   -0.782831319988483809E+01    1
   -0.369999091659244428E+01   -0.437307427403869781E+03   -0.783331319988484420E+01    1
   -0.381868194937705985E+01   -0.437306174270676081E+03   -0.783831319988484054E+01    1
   -0.370033034902004010E+01   -0.437305585839472656E+03   -0.784331319988482800E+01    1
   -0.381836318660592156E+01   -0.437305474767166629E+03   -0.784831319988483145E+01    1
   -0.370046787626511620E+01   -0.437304845600111435E+03   -0.785331319988483223E+01    1
   -0.370062849030581642E+01   -0.437303985388596232E+03   -0.785831319988483212E+01    1
   -0.381713173167394748E+01   -0.437302778502899116E+03   -0.786331319988484623E+01    1
   -0.381677506566047686E+01   -0.437301999461015726E+03   -0.786831319988483990E+01    1
   -0.381648453591889103E+01   -0.437301365523023435E+03   -0.787331319988482559E+01    1
   -0.381589609434953347E+01   -0.437300083362333567E+03   -0.787831319988483170E+01    1
   -0.381574297639622939E+01   -0.437299750140538833E+03   -0.788331319988482893E+01    1
   -0.370156106202210955E+01   -0.437299081409481857E+03   -0.788831319988482349E+01    1
   -0.381526757101283609E+01   -0.437298716642934380E+03   -0.789331319988483315E+01    1
   -0.381496629279595378E+01   -0.437298062561967697E+03   -0.789831319988484459E+01    1
   -0.381434927103776644E+01   -0.437296725173801349E+03   -0.790331319988484005E+01    1
   -0.381420974319236272E+01   -0.437296423162435531E+03   -0.790831319988484260E+01    1
   -0.381321508884429949E+01   -0.437294274773534028E+03   -0.791331319988484250E+01    1
   -0.370263872321313814E+01   -0.437293604426490560E+03   -0.791831319988483440E+01    1
   -0.381271474032163304E+01   -0.437293197168705547E+03   -0.792331319988483607E+01    1
   -0.381251690043154445E+01   -0.437292771671784635E+03   -0.792831319988484040E+01    1
   -0.370285506821089561E+01   -0.437292529093986900E+03   -0.793331319988484562E+01    1
   -0.381227055985963137E+01   -0.437292242340836765E+03   -0.793831319988484108E+01    1
   -0.370297122985165039E+01   -0.437291955025672053E+03   -0.794331319988484630E+01    1
   -0.381183361748541349E+01   -0.437291304770443219E+03   -0.794831319988485330E+01    1
   -0.370313621027759732E+01   -0.437291143655103269E+03   -0.795331319988483898E+01    1
   -0.370328315587202006E+01   -0.437290424881048693E+03   -0.795831319988483266E+01    1
   -0.381105940325026671E+01   -0.437289647751074483E+03   -0.796331319988484676E+01    1
   -0.381086675035319056E+01   -0.437289236288654706E+03   -0.796831319988485554E+01    1
   -0.381077732321753526E+01   -0.437289045411951292E+03   -0.797331319988485543E+01    1
   -0.381055725717535854E+01   -0.437288576018923038E+03   -0.797831319988485443E+01    1
   -0.381031015286884411E+01   -0.437288049508988877E+03   -0.798331319988484456E+01    1
   -0.381029517911230498E+01   -0.437288017623121050E+03   -0.798831319988484445E+01    1
   -0.381008899192639650E+01   -0.437287578780300066E+03   -0.799331319988483990E+01    1
   -0.370404990713958115E+01   -0.437286733586584091E+03   -0.799831319988483802E+01    1
   -0.380819512110129388E+01   -0.437283567991903624E+03   -0.800331319988484147E+01    1
   -0.380644935860530786E+01   -0.437279904896685025E+03   -0.800831319988482804E+01    1
   -0.370557796851055299E+01   -0.437279668906480140E+03   -0.801331319988483592E+01    1
   -0.380627412267147447E+01   -0.437279539111590168E+03   -0.801831319988484204E+01    1
   -0.370580010162809126E+01   -0.437278673732822256E+03   -0.802331319988484282E+01    1
   -0.380544293899937269E+01   -0.437277809046822370E+03   -0.802831319988485248E+01    1
   -0.370603074045754832E+01   -0.437277648887694795E+03   -0.803331319988485504E+01    1
   -0.380496897092831077E+01   -0.437276826236365139E+03   -0.803831319988484161E+01    1
   -0.380487156012793193E+01   -0.437276624589573942E+03   -0.804331319988482463E+01    1
   -0.380476182780582128E+01   -0.437276397577532293E+03   -0.804831319988483962E+01    1
   -0.380451670216118476E+01   -0.437275891009932423E+03   -0.805331319988481731E+01    1
   -0.380413070432289802E+01   -0.437275094858883847E+03   -0.805831319988483763E+01    1
   -0.370750625702028813E+01   -0.437271293206943142E+03   -0.806331319988484907E+01    1
   -0.370750926598218467E+01   -0.437271280596917336E+03   -0.806831319988484275E+01    1
   -0.380109389207666393E+01   -0.437268900215231611E+03   -0.807331319988483642E+01    1
   -0.380106249827034359E+01   -0.437268836846438830E+03   -0.807831319988483720E+01    1
   -0.370841726220981682E+01   -0.437267539563755292E+03   -0.808331319988484509E+01    1
   -0.370885810852050790E+01   -0.437265768987708498E+03   -0.808831319988484232E+01    1
   -0.379935228340452857E+01   -0.437265406799755510E+03   -0.809331319988483600E+01    1
   -0.379922966658382855E+01   -0.437265162579926084E+03   -0.809831319988482967E+01    1
   -0.379918464255388555E+01   -0.437265072962706540E+03   -0.810331319988483756E+01    1
