   -0.212691397666931170E+01   -0.175732923182191562E+14   -0.529831319988485294E+01    1
   -0.218422873020172137E+01   -0.623846848270953906E+13   -0.530331319988484751E+01    1
   -0.220044290423393241E+01   -0.465855979585654395E+13   -0.530831319988485095E+01    1
   -0.222652752995491054E+01   -0.291464082731267920E+13   -0.531331319988484285E+01    1
   -0.222793282866477993E+01   -0.284200705208996777E+13   -0.531831319988483830E+01    1
   -0.222873590588569659E+01   -0.280131882706147412E+13   -0.532331319988484530E+01    1
   -0.223765410780906704E+01   -0.238695232179336719E+13   -0.532831319988484609E+01    1
   -0.225196654796600360E+01   -0.184663604254084424E+13   -0.533331319988484154E+01    1
   -0.225363994240760812E+01   -0.179208098364225879E+13   -0.533831319988483788E+01    1
   -0.227419118285179156E+01   -0.124037437711111035E+13   -0.534331319988483511E+01    1
   -0.227908950448036185E+01   -0.113632335686552710E+13   -0.534831319988484299E+01    1
   -0.228012022972106942E+01   -0.111557035347582056E+13   -0.535331319988485443E+01    1
   -0.231833986043930063E+01   -0.563789205015765259E+12   -0.535831319988483568E+01    1
   -0.234129341840744010E+01   -0.374566269775554565E+12   -0.536331319988484623E+01    1
   -0.235135279893875149E+01   -0.313180836877756897E+12   -0.536831319988485056E+01    1
   -0.237575158476829529E+01   -0.202996688887156677E+12   -0.537331319988484601E+01    1
   -0.239371624588966370E+01   -0.147587354244146332E+12   -0.537831319988484857E+01    1
   -0.245580019950866690E+01   -0.491969495146217194E+11   -0.538331319988484491E+01    1
   -0.246467155814170846E+01   -0.420654731537402573E+11   -0.538831319988483948E+01    1
   -0.246696532368659982E+01   -0.403968137383738327E+11   -0.539331319988484825E+01    1
   -0.247627486586570766E+01   -0.342790828131709785E+11   -0.539831319988485436E+01    1
   -0.248836008906364459E+01   -0.277020953930142479E+11   -0.540331319988484537E+01    1
   -0.248926151990890521E+01   -0.272655828585012970E+11   -0.540831319988483905E+01    1
   -0.249252170920372018E+01   -0.257436956259126358E+11   -0.541331319988484161E+01    1
   -0.249652776122093201E+01   -0.239898540269444923E+11   -0.541831319988483973E+01    1
   -0.249730923175811759E+01   -0.236619685436267090E+11   -0.542331319988484406E+01    1
   -0.253306068778038052E+01   -0.126166205954803581E+11   -0.542831319988484751E+01    1
   -0.253572574257850647E+01   -0.120395283821836948E+11   -0.543331319988484829E+01    1
   -0.254349706172943124E+01   -0.105035526293058586E+11   -0.543831319988484552E+01    1
   -0.254415943622589102E+01   -0.103821072391282654E+11   -0.544331319988483830E+01    1
   -0.254796515107154864E+01   -0.971114511727101898E+10   -0.544831319988483820E+01    1
   -0.255381900668144235E+01   -0.876301871446314240E+10   -0.545331319988484342E+01    1
   -0.256125257015228280E+01   -0.769166656770628834E+10   -0.545831319988484953E+01    1
   -0.258208694458007804E+01   -0.533864931780511570E+10   -0.546331319988484410E+01    1
   -0.258506054282188424E+01   -0.506772854331577396E+10   -0.546831319988483777E+01    1
   -0.259572767615318289E+01   -0.420445821686068916E+10   -0.547331319988483678E+01    1
   -0.260251061916351345E+01   -0.373393007474317169E+10   -0.547831319988484022E+01    1
   -0.262208074331283569E+01   -0.265198547357833195E+10   -0.548331319988484100E+01    1
   -0.262414720654487610E+01   -0.255794293163139009E+10   -0.548831319988484623E+01    1
   -0.263681944012641933E+01   -0.205010804737263322E+10   -0.549331319988485411E+01    1
   -0.267233270406723022E+01   -0.110359205553091240E+10   -0.549831319988485046E+01    1
   -0.267522990107536307E+01   -0.104927864642410707E+10   -0.550331319988484413E+01    1
   -0.268228560686111450E+01   -0.927959287031513929E+09   -0.550831319988484491E+01    1
   -0.270522568225860605E+01   -0.622566724557438135E+09   -0.551331319988484569E+01    1
   -0.270888395309448260E+01   -0.584203353578476310E+09   -0.551831319988484470E+01    1
   -0.270983965992927578E+01   -0.574577900612014532E+09   -0.552331319988484637E+01    1
   -0.272266400456428537E+01   -0.459800647096816778E+09   -0.552831319988484449E+01    1
   -0.276953581571578988E+01   -0.203914819630336374E+09   -0.553331319988484527E+01    1
   -0.278260059952735928E+01   -0.162624843917177856E+09   -0.553831319988484871E+01    1
   -0.280384895801544198E+01   -0.112596809814615279E+09   -0.554331319988485038E+01    1
   -0.282096663713455209E+01   -0.837601471057819426E+08   -0.554831319988485117E+01    1
   -0.284680892229080218E+01   -0.536145888045291081E+08   -0.555331319988485106E+01    1
   -0.284784483313560477E+01   -0.526649501961411536E+08   -0.555831319988484740E+01    1
   -0.286243470311164883E+01   -0.409501340824142471E+08   -0.556331319988484108E+01    1
   -0.286954209208488464E+01   -0.362290253153941184E+08   -0.556831319988484541E+01    1
   -0.288308654427528399E+01   -0.286899822839730084E+08   -0.557331319988484619E+01    1
   -0.290090134143829337E+01   -0.211136268912582882E+08   -0.557831319988484164E+01    1
   -0.292945310473442078E+01   -0.129234659166049957E+08   -0.558331319988483532E+01    1
   -0.293159596920013454E+01   -0.124563545415594503E+08   -0.558831319988483610E+01    1
   -0.293280525207519549E+01   -0.122002616340774707E+08   -0.559331319988483600E+01    1
   -0.295410062670707729E+01   -0.846406589580549300E+07   -0.559831319988484122E+01    1
   -0.296472696661949175E+01   -0.705343885894206725E+07   -0.560331319988485266E+01    1
   -0.297063129544258109E+01   -0.637416379510475602E+07   -0.560831319988485166E+01    1
   -0.299240080714225787E+01   -0.438906861754187942E+07   -0.561331319988484800E+01    1
   -0.299610592126846331E+01   -0.411913922537533753E+07   -0.561831319988484346E+01    1
   -0.300240815877914446E+01   -0.369766543579915026E+07   -0.562331319988484069E+01    1
   -0.303026142120361364E+01   -0.229551534156648070E+07   -0.562831319988483703E+01    1
   -0.305142871141433725E+01   -0.159835008517606417E+07   -0.563331319988483337E+01    1
   -0.305600950121879578E+01   -0.147796803092904016E+07   -0.563831319988483060E+01    1
   -0.305959379076957738E+01   -0.139014260533922189E+07   -0.564331319988483582E+01    1
   -0.306534324288368243E+01   -0.126005045367644471E+07   -0.564831319988484637E+01    1
   -0.307154453396797189E+01   -0.113336807590089506E+07   -0.565331319988485337E+01    1
   -0.307216473221778852E+01   -0.112142234125115955E+07   -0.565831319988484260E+01    1
   -0.307493885755538976E+01   -0.106951427641653619E+07   -0.566331319988483273E+01    1
   -0.307982300519943220E+01   -0.983903103700445849E+06   -0.566831319988483973E+01    1
   -0.307984426617622375E+01   -0.983545851061520982E+06   -0.567331319988485205E+01    1
   -0.308722649216651934E+01   -0.867034200294215116E+06   -0.567831319988484218E+01    1
   -0.308981825709342939E+01   -0.829495144105808577E+06   -0.568331319988483941E+01    1
   -0.311120610833168065E+01   -0.575739496930308291E+06   -0.568831319988484108E+01    1
   -0.311663733720779401E+01   -0.524763853239469114E+06   -0.569331319988483653E+01    1
   -0.312736479640007037E+01   -0.436967609773689415E+06   -0.569831319988483376E+01    1
   -0.312797254920005807E+01   -0.432458786141960474E+06   -0.570331319988484253E+01    1
   -0.313797091245651227E+01   -0.364621863222856424E+06   -0.570831319988485753E+01    1
   -0.314763998985290527E+01   -0.309161544128657144E+06   -0.571331319988484942E+01    1
   -0.315217082500457746E+01   -0.286159520950670238E+06   -0.571831319988485021E+01    1
   -0.316424775123596191E+01   -0.232866447332301002E+06   -0.572331319988484477E+01    1
   -0.317270339727401751E+01   -0.201576035876054055E+06   -0.572831319988484466E+01    1
   -0.317394500374794042E+01   -0.197349686383871653E+06   -0.573331319988485255E+01    1
   -0.318265716433525103E+01   -0.170082594425320363E+06   -0.573831319988484623E+01    1
   -0.319225640892982465E+01   -0.144376524662029464E+06   -0.574331319988484079E+01    1
   -0.321218226552009600E+01   -0.102735428669215937E+06   -0.574831319988483802E+01    1
   -0.322081076502800023E+01   -0.886534330238234543E+05   -0.575331319988485035E+01    1
   -0.322864189147949254E+01   -0.775470366460305668E+05   -0.575831319988484758E+01    1
   -0.323996742367744428E+01   -0.638926896278152853E+05   -0.576331319988484214E+01    1
   -0.325562535524368268E+01   -0.488712902622644833E+05   -0.576831319988483848E+01    1
   -0.326330834627151489E+01   -0.428435666743412730E+05   -0.577331319988484193E+01    1
   -0.326918329000473040E+01   -0.387384958735532928E+05   -0.577831319988485603E+01    1
   -0.327170764207839948E+01   -0.370970324517546105E+05   -0.578331319988485149E+01    1
   -0.327461054325103795E+01   -0.352946973040471130E+05   -0.578831319988485049E+01    1
   -0.327954170703887948E+01   -0.324302763264620698E+05   -0.579331319988485305E+01    1
   -0.329430443048477173E+01   -0.251632251460352127E+05   -0.579831319988484672E+01    1
   -0.330622094869613647E+01   -0.204951708957579795E+05   -0.580331319988483418E+01    1
   -0.332509049773216248E+01   -0.147962466916049962E+05   -0.580831319988483852E+01    1
   -0.332806720733642614E+01   -0.140533326561463819E+05   -0.581331319988483841E+01    1
   -0.336615356802940369E+01   -0.724365947509691978E+04   -0.581831319988483298E+01    1
   -0.336880686879158020E+01   -0.691474025819570852E+04   -0.582331319988483287E+01    1
   -0.337559240460395849E+01   -0.613857690740747967E+04   -0.582831319988482743E+01    1
   -0.339098673462867772E+01   -0.467946589201990355E+04   -0.583331319988483976E+01    1
   -0.340014070868492135E+01   -0.397816405471472308E+04   -0.583831319988485298E+01    1
   -0.340555033087730408E+01   -0.361279201524030668E+04   -0.584331319988483866E+01    1
   -0.341533452868461618E+01   -0.303258620800398830E+04   -0.584831319988482967E+01    1
   -0.341576666235923776E+01   -0.300915012205020003E+04   -0.585331319988482779E+01    1
   -0.343795257806777954E+01   -0.201355876790285470E+04   -0.585831319988484900E+01    1
   -0.344327611923217791E+01   -0.182641172219800751E+04   -0.586331319988484356E+01    1
   -0.344535502791404724E+01   -0.175789997198030574E+04   -0.586831319988484879E+01    1
   -0.345318788290023804E+01   -0.152091350411705139E+04   -0.587331319988484513E+01    1
   -0.347482205033302316E+01   -0.101212840628349431E+04   -0.587831319988484502E+01    1
   -0.347668592929840070E+01   -0.976655676450324563E+03   -0.588331319988485202E+01    1
   -0.348546636700630197E+01   -0.824331356695390014E+03   -0.588831319988484836E+01    1
   -0.349126732945442209E+01   -0.735877052731693311E+03   -0.589331319988484292E+01    1
   -0.350917512178421021E+01   -0.513680030417155194E+03   -0.589831319988485081E+01    1
   -0.351561460494995126E+01   -0.449577744204101464E+03   -0.590331319988485426E+01    1
   -0.352782618403434789E+01   -0.346573353619820068E+03   -0.590831319988484704E+01    1
   -0.354577667117118844E+01   -0.230985443753355469E+03   -0.591331319988483450E+01    1
   -0.354614484906196603E+01   -0.228987425567676667E+03   -0.591831319988484683E+01    1
   -0.355289235711097717E+01   -0.194658595697766032E+03   -0.592331319988484406E+01    1
   -0.357260473966598546E+01   -0.115719115015679805E+03   -0.592831319988482353E+01    1
   -0.357584245800971967E+01   -0.105307851680948730E+03   -0.593331319988484207E+01    1
   -0.358549874424934423E+01   -0.777806130209012707E+02   -0.593831319988486150E+01    1
   -0.359526738524436951E+01   -0.546367815280884628E+02   -0.594331319988484363E+01    1
   -0.359597608447074890E+01   -0.531208480416154174E+02   -0.594831319988483731E+01    1
   -0.359725450873374974E+01   -0.504382478813210327E+02   -0.595331319988485230E+01    1
   -0.361343722343444806E+01   -0.216834639374119860E+02   -0.595831319988485220E+01    1
   -0.363257486820220965E+01    0.227060147589880046E+01   -0.596331319988484676E+01    1
   -0.364357457160949716E+01    0.123213280685774009E+02   -0.596831319988483333E+01    1
   -0.364585831165313756E+01    0.141304134868353941E+02   -0.597331319988483767E+01    1
   -0.364726568460464495E+01    0.152019041056022886E+02   -0.597831319988483756E+01    1
   -0.365578805208206159E+01    0.210347543996927726E+02   -0.598331319988483834E+01    1
   -0.365719663500785863E+01    0.218978144861846502E+02   -0.598831319988485067E+01    1
   -0.366177344918251046E+01    0.245215322334168704E+02   -0.599331319988483902E+01    1
   -0.367384795546531695E+01    0.302581721219656501E+02   -0.599831319988483536E+01    1
   -0.367504341006279001E+01    0.307426499878428601E+02   -0.600331319988484058E+01    1
   -0.368130226135253924E+01    0.330626145034690708E+02   -0.600831319988484402E+01    1
   -0.499389844536781347E+01    0.331820717533975653E+02   -0.601331319988484836E+01    1
   -0.499324938058853185E+01    0.331820771635635552E+02   -0.601831319988485181E+01    1
   -0.498085042834281921E+01    0.331821860343877759E+02   -0.602331319988484992E+01    1
   -0.497589022517204249E+01    0.331822326708943294E+02   -0.602831319988484537E+01    1
   -0.497185565233230609E+01    0.331822719790896912E+02   -0.603331319988483905E+01    1
   -0.496856521368026716E+01    0.331823049804330310E+02   -0.603831319988483450E+01    1
   -0.496003040075302160E+01    0.331823946993436252E+02   -0.604331319988483973E+01    1
   -0.494935185909271258E+01    0.331825158447252235E+02   -0.604831319988484406E+01    1
   -0.494445059895515460E+01    0.331825749754347896E+02   -0.605331319988484662E+01    1
   -0.494327882528305018E+01    0.331825894557059229E+02   -0.605831319988484918E+01    1
   -0.493701409697532689E+01    0.331826691964201999E+02   -0.606331319988484108E+01    1
   -0.493631853461265546E+01    0.331826782966611162E+02   -0.606831319988483475E+01    1
   -0.493444324731826800E+01    0.331827030831213321E+02   -0.607331319988483642E+01    1
   -0.493283588290214503E+01    0.331827246236613860E+02   -0.607831319988483898E+01    1
   -0.490219328403472865E+01    0.331831924473530648E+02   -0.608331319988483799E+01    1
   -0.488308087587356532E+01    0.331835473940735142E+02   -0.608831319988483255E+01    1
   -0.488257856369018572E+01    0.331835574685940244E+02   -0.609331319988483422E+01    1
   -0.488002171516418493E+01    0.331836093771008436E+02   -0.609831319988483944E+01    1
   -0.487188031673431432E+01    0.331837818625724879E+02   -0.610331319988484200E+01    1
   -0.486453110575675929E+01    0.331839474404856247E+02   -0.610831319988484456E+01    1
   -0.486370261907577550E+01    0.331839667199772634E+02   -0.611331319988484534E+01    1
   -0.486364229321479780E+01    0.331839681287677806E+02   -0.611831319988484612E+01    1
   -0.486215661764144880E+01    0.331840030377384991E+02   -0.612331319988484957E+01    1
   -0.485731378197669983E+01    0.331841197342080889E+02   -0.612831319988484058E+01    1
   -0.485612437725067103E+01    0.331841490885687804E+02   -0.613331319988483337E+01    1
   -0.485458027720451391E+01    0.331841876130876727E+02   -0.613831319988484392E+01    1
   -0.485447552800178528E+01    0.331841902436924556E+02   -0.614331319988484204E+01    1
   -0.485366778373718244E+01    0.331842106025983767E+02   -0.614831319988483216E+01    1
   -0.485309633016586339E+01    0.331842250850346545E+02   -0.615331319988483472E+01    1
   -0.484892762303352320E+01    0.331843327473033227E+02   -0.615831319988484527E+01    1
   -0.483787986636161804E+01    0.331846359444847252E+02   -0.616331319988484516E+01    1
   -0.483470990657806432E+01    0.331847279737880285E+02   -0.616831319988484594E+01    1
   -0.482325870990753192E+01    0.331850804374416128E+02   -0.617331319988485472E+01    1
   -0.481713105440139788E+01    0.331852826544392983E+02   -0.617831319988485106E+01    1
   -0.479604880809783918E+01    0.331860587744145477E+02   -0.618331319988484296E+01    1
   -0.479601233601570165E+01    0.331860602331238468E+02   -0.618831319988483397E+01    1
   -0.479483157396316528E+01    0.331861076875516119E+02   -0.619331319988483742E+01    1
   -0.479109603762626612E+01    0.331862607900495448E+02   -0.619831319988484619E+01    1
   -0.478783723115921056E+01    0.331863981242244179E+02   -0.620331319988484164E+01    1
   -0.478766005635261571E+01    0.331864056934553915E+02   -0.620831319988483532E+01    1
   -0.478164268136024440E+01    0.331866692123169997E+02   -0.621331319988483433E+01    1
   -0.478043962121009791E+01    0.331867234299457010E+02   -0.621831319988484221E+01    1
   -0.477859389185905492E+01    0.331868076270378367E+02   -0.622331319988484033E+01    1
   -0.477291340827941912E+01    0.331870746613766272E+02   -0.622831319988483223E+01    1
   -0.476532946228981036E+01    0.331874505468459446E+02   -0.623331319988483390E+01    1
   -0.476530007719993609E+01    0.331874520478959667E+02   -0.623831319988483735E+01    1
   -0.476283864378929156E+01    0.331875790391078098E+02   -0.624331319988483990E+01    1
   -0.475920630097389186E+01    0.331877710504050896E+02   -0.624831319988484335E+01    1
   -0.475858592987060547E+01    0.331878044035822128E+02   -0.625331319988484591E+01    1
   -0.475381258130073547E+01    0.331880666264699116E+02   -0.625831319988483958E+01    1
   -0.474856872558593768E+01    0.331883664351883425E+02   -0.626331319988483415E+01    1
   -0.474766833186149562E+01    0.331884191864237295E+02   -0.626831319988484559E+01    1
   -0.474238333702087367E+01    0.331887365709064284E+02   -0.627331319988484815E+01    1
   -0.473051279783248901E+01    0.331895001444070985E+02   -0.627831319988483649E+01    1
   -0.472856836915016210E+01    0.331896322566618025E+02   -0.628331319988483905E+01    1
   -0.472785811424255353E+01    0.331896810275084704E+02   -0.628831319988483806E+01    1
   -0.472676602602004969E+01    0.331897565587978463E+02   -0.629331319988483973E+01    1
   -0.472325139641761815E+01    0.331900041541841730E+02   -0.629831319988483962E+01    1
   -0.472034088969230670E+01    0.331902145122679784E+02   -0.630331319988484040E+01    1
   -0.471490724086761492E+01    0.331906205486863541E+02   -0.630831319988484474E+01    1
   -0.469082045555114746E+01    0.331926484882777331E+02   -0.631331319988484196E+01    1
   -0.468718863129615748E+01    0.331929895294475230E+02   -0.631831319988484985E+01    1
   -0.468645054697990382E+01    0.331930600559024640E+02   -0.632331319988484353E+01    1
   -0.467950028181076050E+01    0.331937449726691725E+02   -0.632831319988483898E+01    1
   -0.467549561262130720E+01    0.331941572304181207E+02   -0.633331319988484243E+01    1
   -0.466980199217796343E+01    0.331947665362216995E+02   -0.633831319988483788E+01    1
   -0.466515240669250453E+01    0.331952850919648625E+02   -0.634331319988483155E+01    1
   -0.466470592617988622E+01    0.331953359081655393E+02   -0.634831319988484033E+01    1
   -0.465792434896019891E+01    0.331961304696727808E+02   -0.635331319988483934E+01    1
   -0.465691351890563965E+01    0.331962526348921614E+02   -0.635831319988483212E+01    1
   -0.465421648621559125E+01    0.331965834603180809E+02   -0.636331319988484445E+01    1
   -0.465348600745201146E+01    0.331966742971717252E+02   -0.636831319988484967E+01    1
   -0.465104981064796430E+01    0.331969811076787167E+02   -0.637331319988483980E+01    1
   -0.465008857250213659E+01    0.331971038179677294E+02   -0.637831319988483436E+01    1
   -0.464723389744758641E+01    0.331974738503838722E+02   -0.638331319988483781E+01    1
   -0.463265267014503479E+01    0.331995014806638835E+02   -0.638831319988484392E+01    1
   -0.463072552680969274E+01    0.331997875927484074E+02   -0.639331319988484115E+01    1
   -0.462499024868011510E+01    0.332006656440037986E+02   -0.639831319988483305E+01    1
   -0.462293018102645892E+01    0.332009909972074766E+02   -0.640331319988484182E+01    1
   -0.461260598897933960E+01    0.332027048136283440E+02   -0.640831319988484349E+01    1
   -0.461191319227218610E+01    0.332028249663893789E+02   -0.641331319988483894E+01    1
   -0.461008772161820080E+01    0.332031447691331678E+02   -0.641831319988484950E+01    1
   -0.460830349326133693E+01    0.332034618941582238E+02   -0.642331319988485028E+01    1
   -0.460740603804588300E+01    0.332036231258801990E+02   -0.642831319988483774E+01    1
   -0.460337578654289281E+01    0.332043616281937233E+02   -0.643331319988483941E+01    1
   -0.460285507012576378E+01    0.332044587937101952E+02   -0.643831319988484374E+01    1
   -0.460271427631378138E+01    0.332044851354182953E+02   -0.644331319988484097E+01    1
   -0.459219199419021606E+01    0.332065402386970376E+02   -0.644831319988483465E+01    1
   -0.458720313147638237E+01    0.332075767906487087E+02   -0.645331319988483099E+01    1
   -0.458536445498466527E+01    0.332079693820435082E+02   -0.645831319988484331E+01    1
   -0.457888887360002350E+01    0.332093989874593873E+02   -0.646331319988484321E+01    1
   -0.457185716629028338E+01    0.332110376769917934E+02   -0.646831319988483155E+01    1
   -0.455882107615470922E+01    0.332143309556669095E+02   -0.647331319988483944E+01    1
   -0.455881640911102259E+01    0.332143321973520713E+02   -0.647831319988485355E+01    1
   -0.455722854885982809E+01    0.332147573603620643E+02   -0.648331319988484722E+01    1
   -0.455562553405761683E+01    0.332151921030858333E+02   -0.648831319988484090E+01    1
   -0.453822074532508868E+01    0.332202899523508819E+02   -0.649331319988484612E+01    1
   -0.453475728034973180E+01    0.332213920188128213E+02   -0.649831319988484424E+01    1
   -0.452860420459835211E+01    0.332234269866884446E+02   -0.650331319988484946E+01    1
   -0.452765715122222900E+01    0.332237492091153825E+02   -0.650831319988485468E+01    1
   -0.452662746310234088E+01    0.332241023339088883E+02   -0.651331319988484125E+01    1
   -0.452211898271762269E+01    0.332256832761395273E+02   -0.651831319988483759E+01    1
   -0.452152638435363752E+01    0.332258953579064311E+02   -0.652331319988484726E+01    1
   -0.452139415144920331E+01    0.332259428196734703E+02   -0.652831319988484449E+01    1
   -0.451993907094001734E+01    0.332264684219535980E+02   -0.653331319988484527E+01    1
   -0.451917886137962377E+01    0.332267454721581927E+02   -0.653831319988484161E+01    1
   -0.449240776079699611E+01    0.332376614287820118E+02   -0.654331319988482818E+01    1
   -0.448254930973052979E+01    0.332423095055375555E+02   -0.654831319988484228E+01    1
   -0.448112486413227806E+01    0.332430120137930061E+02   -0.655331319988485284E+01    1
   -0.447953311817665778E+01    0.332438065862513028E+02   -0.655831319988484385E+01    1
   -0.447848725318908691E+01    0.332443342143848639E+02   -0.656331319988483930E+01    1
   -0.447448455439100279E+01    0.332463949224421640E+02   -0.656831319988484008E+01    1
   -0.447288697361946141E+01    0.332472360575116568E+02   -0.657331319988483909E+01    1
   -0.446862693883716755E+01    0.332495324058396946E+02   -0.657831319988483187E+01    1
   -0.446699197842285844E+01    0.332504347717487789E+02   -0.658331319988483976E+01    1
   -0.446370215302973516E+01    0.332522867535640572E+02   -0.658831319988485653E+01    1
   -0.446042302770750432E+01    0.332541819972022523E+02   -0.659331319988485998E+01    1
   -0.445668801069259679E+01    0.332564023517725644E+02   -0.659831319988484832E+01    1
   -0.445006611284702824E+01    0.332605061845579897E+02   -0.660331319988483045E+01    1
   -0.444887365102767962E+01    0.332612686421367414E+02   -0.660831319988482591E+01    1
   -0.444278678894042933E+01    0.332652762723055702E+02   -0.661331319988482402E+01    1
   -0.443467392854080966E+01    0.332709313613036528E+02   -0.661831319988482214E+01    1
   -0.443338961005210841E+01    0.332718608294625326E+02   -0.662331319988483358E+01    1
   -0.442731052637100220E+01    0.332763926101485055E+02   -0.662831319988484857E+01    1
   -0.442693088050336137E+01    0.332766830246524634E+02   -0.663331319988483958E+01    1
   -0.442645559310913050E+01    0.332770478503160234E+02   -0.663831319988483415E+01    1
   -0.441284234523773211E+01    0.332881102454218194E+02   -0.664331319988484559E+01    1
   -0.441259310821638628E+01    0.332883242546588036E+02   -0.664831319988485259E+01    1
   -0.441087856744519602E+01    0.332898081110653408E+02   -0.665331319988484182E+01    1
   -0.440756945013999957E+01    0.332927303533072774E+02   -0.665831319988482750E+01    1
   -0.440559062361717224E+01    0.332945152553831321E+02   -0.666331319988483006E+01    1
   -0.440401540994644147E+01    0.332959564908254180E+02   -0.666831319988484506E+01    1
   -0.439775307528250270E+01    0.333018697305783178E+02   -0.667331319988485649E+01    1
   -0.439739821613570392E+01    0.333022137831098277E+02   -0.667831319988485284E+01    1
   -0.439278650283813477E+01    0.333067752591805402E+02   -0.668331319988484029E+01    1
   -0.439194635192089677E+01    0.333076245787175580E+02   -0.668831319988483841E+01    1
   -0.438939442634582555E+01    0.333102397236190058E+02   -0.669331319988484719E+01    1
   -0.438938326364462483E+01    0.333102512808267832E+02   -0.669831319988484797E+01    1
   -0.438790563941001910E+01    0.333117902953938980E+02   -0.670331319988483809E+01    1
   -0.438473809957504290E+01    0.333151515296002998E+02   -0.670831319988483976E+01    1
   -0.438277095829827701E+01    0.333172823455921048E+02   -0.671331319988484232E+01    1
   -0.437689470052719098E+01    0.333238514080878900E+02   -0.671831319988483333E+01    1
   -0.437630786299705488E+01    0.333245245911432804E+02   -0.672331319988483767E+01    1
   -0.437524619698524475E+01    0.333257505448460947E+02   -0.672831319988484289E+01    1
   -0.437403967976570129E+01    0.333271564912037661E+02   -0.673331319988483568E+01    1
   -0.437282711267471313E+01    0.333285832557105337E+02   -0.673831319988484179E+01    1
   -0.436844009160995483E+01    0.333338626540863459E+02   -0.674331319988485056E+01    1
   -0.436184602348986949E+01    0.333421556159937893E+02   -0.674831319988484069E+01    1
   -0.368213720595738181E+01    0.333460388502496556E+02   -0.675331319988483436E+01    1
   -0.435444577472792194E+01    0.333519995666721840E+02   -0.675831319988484047E+01    1
   -0.433870985689638378E+01    0.333749763193184563E+02   -0.676331319988484037E+01    1
   -0.433801587023637758E+01    0.333760578405898585E+02   -0.676831319988484292E+01    1
   -0.433778349161148036E+01    0.333764213288202782E+02   -0.677331319988485081E+01    1
   -0.433411694964956062E+01    0.333822469896808514E+02   -0.677831319988483383E+01    1
   -0.432649045586586034E+01    0.333949263205916793E+02   -0.678331319988484083E+01    1
   -0.432632192373275792E+01    0.333952153450238285E+02   -0.678831319988483806E+01    1
   -0.432377924919128453E+01    0.333996235455651558E+02   -0.679331319988483973E+01    1
   -0.432005581259727478E+01    0.334062428215187168E+02   -0.679831319988484761E+01    1
   -0.431707754731178284E+01    0.334116811615550944E+02   -0.680331319988484751E+01    1
   -0.431477287086617256E+01    0.334159793435478250E+02   -0.680831319988484740E+01    1
   -0.430962226804095216E+01    0.334258763502157876E+02   -0.681331319988484818E+01    1
   -0.430716556030124220E+01    0.334307424752990130E+02   -0.681831319988484630E+01    1
   -0.430498637252904803E+01    0.334351396122353393E+02   -0.682331319988483997E+01    1
   -0.430212917923927307E+01    0.334410220811677519E+02   -0.682831319988483543E+01    1
   -0.430152782201767003E+01    0.334422773742395165E+02   -0.683331319988483443E+01    1
   -0.429855266809463465E+01    0.334485773254937229E+02   -0.683831319988483255E+01    1
   -0.429847142696380580E+01    0.334487514644541193E+02   -0.684331319988483955E+01    1
   -0.429823893904685939E+01    0.334492504232285626E+02   -0.684831319988484566E+01    1
   -0.429750459191154377E+01    0.334508325577218883E+02   -0.685331319988484111E+01    1
   -0.429630485887222058E+01    0.334534374063598889E+02   -0.685831319988483479E+01    1
   -0.429355769905407580E+01    0.334594968713609546E+02   -0.686331319988483557E+01    1
   -0.429254324436187762E+01    0.334617682981223723E+02   -0.686831319988483724E+01    1
   -0.429090787920387662E+01    0.334654689419178766E+02   -0.687331319988484513E+01    1
   -0.428464816212654132E+01    0.334800888755740900E+02   -0.687831319988484946E+01    1
   -0.428007121165939264E+01    0.334912504245785598E+02   -0.688331319988484580E+01    1
   -0.427880229593567574E+01    0.334944176960551232E+02   -0.688831319988484214E+01    1
   -0.427856406569480896E+01    0.334950159118619908E+02   -0.689331319988483937E+01    1
   -0.427835854291915929E+01    0.334955329105519155E+02   -0.689831319988484282E+01    1
   -0.427823961973190325E+01    0.334958324526529339E+02   -0.690331319988484982E+01    1
   -0.427603994732937753E+01    0.335014244882537326E+02   -0.690831319988484704E+01    1
   -0.426566028556965282E+01    0.335291760543961814E+02   -0.691331319988484871E+01    1
   -0.426231931102719219E+01    0.335386080393731092E+02   -0.691831319988485216E+01    1
   -0.426192311644554156E+01    0.335397432797541910E+02   -0.692331319988485028E+01    1
   -0.425301286578178406E+01    0.335662431712715303E+02   -0.692831319988485284E+01    1
   -0.425128398537635821E+01    0.335716062083416418E+02   -0.693331319988485451E+01    1
   -0.424495823979377729E+01    0.335918692410738871E+02   -0.693831319988484641E+01    1
   -0.424377540349960292E+01    0.335957725226193276E+02   -0.694331319988484630E+01    1
   -0.424328511936002073E+01    0.335974012103145299E+02   -0.694831319988485152E+01    1
   -0.424252878427505475E+01    0.335999261715621529E+02   -0.695331319988484609E+01    1
   -0.423996277451515180E+01    0.336086064740644801E+02   -0.695831319988484598E+01    1
   -0.423785863028364229E+01    0.336158575253026370E+02   -0.696331319988484143E+01    1
   -0.423621661054025900E+01    0.336216007829312247E+02   -0.696831319988483866E+01    1
   -0.423364930152893049E+01    0.336307317107413724E+02   -0.697331319988484655E+01    1
   -0.423320708536100998E+01    0.336323233626592284E+02   -0.697831319988484200E+01    1
   -0.423211541495252064E+01    0.336362765533284502E+02   -0.698331319988483745E+01    1
   -0.422940517421896445E+01    0.336462401734971550E+02   -0.698831319988484800E+01    1
   -0.422282945495169848E+01    0.336713227876877994E+02   -0.699331319988485145E+01    1
   -0.421695915836112345E+01    0.336948450268399071E+02   -0.699831319988484868E+01    1
   -0.420985064834670553E+01    0.337248300553848921E+02   -0.700331319988484413E+01    1
   -0.420867251917754270E+01    0.337299643603108024E+02   -0.700831319988484314E+01    1
   -0.420205842852592504E+01    0.337596922094808392E+02   -0.701331319988484658E+01    1
   -0.420143954752258075E+01    0.337625540318656618E+02   -0.701831319988483759E+01    1
   -0.420087373865406377E+01    0.337651826870246978E+02   -0.702331319988483749E+01    1
   -0.419981893897056580E+01    0.337701145282593274E+02   -0.702831319988484360E+01    1
   -0.419578311676370230E+01    0.337893675651012160E+02   -0.703331319988484438E+01    1
   -0.419159000427734885E+01    0.338100297697630339E+02   -0.703831319988484427E+01    1
   -0.418737126302417284E+01    0.338315176504252122E+02   -0.704331319988483884E+01    1
   -0.418695165221331234E+01    0.338336941365959447E+02   -0.704831319988483429E+01    1
   -0.418694273829460162E+01    0.338337404502430985E+02   -0.705331319988483951E+01    1
   -0.418593050733150562E+01    0.338390208089269962E+02   -0.705831319988484029E+01    1
   -0.418310988545417750E+01    0.338539581799535370E+02   -0.706331319988483308E+01    1
   -0.417774385924399994E+01    0.338833048114195705E+02   -0.706831319988483653E+01    1
   -0.417007569670677203E+01    0.339274428559348706E+02   -0.707331319988483820E+01    1
   -0.416762710242243628E+01    0.339421041625558004E+02   -0.707831319988484164E+01    1
   -0.416708920373326919E+01    0.339453626797228338E+02   -0.708331319988484420E+01    1
   -0.416549182081692582E+01    0.339551205337429636E+02   -0.708831319988484587E+01    1
   -0.416464636921882647E+01    0.339603345916976664E+02   -0.709331319988484488E+01    1
   -0.368403542041778564E+01    0.339688571974506601E+02   -0.709831319988484566E+01    1
   -0.415993006229400653E+01    0.339900608581530079E+02   -0.710331319988485177E+01    1
   -0.415577466487884539E+01    0.340171732325789407E+02   -0.710831319988483834E+01    1
   -0.415364280660614149E+01    0.340314270870220241E+02   -0.711331319988484179E+01    1
   -0.414863074210361127E+01    0.340658842148909855E+02   -0.711831319988484612E+01    1
   -0.414727759011264574E+01    0.340754192722638152E+02   -0.712331319988483891E+01    1
   -0.414361718893051112E+01    0.341017199354507596E+02   -0.712831319988484591E+01    1
   -0.414183334112167323E+01    0.341148102844102823E+02   -0.713331319988484669E+01    1
   -0.414099857528910231E+01    0.341209984337028374E+02   -0.713831319988484037E+01    1
   -0.414023047089576757E+01    0.341267278662836162E+02   -0.714331319988484736E+01    1
   -0.413794170988770293E+01    0.341440035220609488E+02   -0.714831319988484726E+01    1
   -0.413507961034774763E+01    0.341660415184533761E+02   -0.715331319988484537E+01    1
   -0.413506422638893145E+01    0.341661612960152041E+02   -0.715831319988484793E+01    1
   -0.413482897281646711E+01    0.341679947249009288E+02   -0.716331319988484694E+01    1
   -0.413444610238075239E+01    0.341709857257055560E+02   -0.716831319988484861E+01    1
   -0.412699700760647925E+01    0.342309715555914948E+02   -0.717331319988483695E+01    1
   -0.412152784200811340E+01    0.342772562591160721E+02   -0.717831319988482885E+01    1
   -0.412128591592165616E+01    0.342793489085251295E+02   -0.718331319988483852E+01    1
   -0.411528425122754360E+01    0.343325256424712535E+02   -0.718831319988485085E+01    1
   -0.411025283932685870E+01    0.343790271747175069E+02   -0.719331319988485518E+01    1
   -0.410849440097808838E+01    0.343957050842714480E+02   -0.719831319988485241E+01    1
   -0.410676551253165645E+01    0.344123222081948583E+02   -0.720331319988484253E+01    1
   -0.410588797877427858E+01    0.344208407004776120E+02   -0.720831319988484509E+01    1
   -0.410322994879842540E+01    0.344469929541440152E+02   -0.721331319988484676E+01    1
   -0.410321086019277281E+01    0.344471826849629394E+02   -0.721831319988483600E+01    1
   -0.409955943226814234E+01    0.344839867171222565E+02   -0.722331319988483056E+01    1
   -0.409634321615152164E+01    0.345172594294752102E+02   -0.722831319988483489E+01    1
   -0.409631019668040963E+01    0.345176052473247381E+02   -0.723331319988484633E+01    1
   -0.409469602704048175E+01    0.345346164905343329E+02   -0.723831319988483735E+01    1
   -0.409177073107538369E+01    0.345659793304791876E+02   -0.724331319988483013E+01    1
   -0.408995434102728428E+01    0.345858047769986996E+02   -0.724831319988484335E+01    1
   -0.408975942185916796E+01    0.345879484516317675E+02   -0.725331319988483436E+01    1
   -0.408868776237545184E+01    0.345997907237509708E+02   -0.725831319988483248E+01    1
   -0.408711690969347163E+01    0.346173229358583754E+02   -0.726331319988484214E+01    1
   -0.408672363772140823E+01    0.346217447639094900E+02   -0.726831319988484292E+01    1
   -0.408385867157469384E+01    0.346543551163309758E+02   -0.727331319988484726E+01    1
   -0.408016250729560870E+01    0.346974758012844973E+02   -0.727831319988484715E+01    1
   -0.407575699090957677E+01    0.347504549217655168E+02   -0.728331319988484704E+01    1
   -0.407021293990164601E+01    0.348196476758473210E+02   -0.728831319988484694E+01    1
   -0.406653428725143584E+01    0.348671578695060873E+02   -0.729331319988483617E+01    1
   -0.406617952585220355E+01    0.348718085008707206E+02   -0.729831319988483163E+01    1
   -0.406345276236534136E+01    0.349079644301855012E+02   -0.730331319988482885E+01    1
   -0.368719427310338421E+01    0.349414631432001741E+02   -0.730831319988481987E+01    1
   -0.406007226027435131E+01    0.349538110312904138E+02   -0.731331319988482242E+01    1
   -0.405905125067800299E+01    0.349678840035548077E+02   -0.731831319988482765E+01    1
   -0.405860538138323790E+01    0.349740628228413826E+02   -0.732331319988483465E+01    1
   -0.405568242452417760E+01    0.350150739095953085E+02   -0.732831319988483276E+01    1
   -0.405478317477100791E+01    0.350278688751769067E+02   -0.733331319988482555E+01    1
   -0.404994858503341693E+01    0.350981188247922518E+02   -0.733831319988482544E+01    1
   -0.404960287809371966E+01    0.351032377848200454E+02   -0.734331319988483955E+01    1
   -0.404819396158963496E+01    0.351242337105421356E+02   -0.734831319988483767E+01    1
   -0.404789661549585933E+01    0.351286923884562086E+02   -0.735331319988483134E+01    1
   -0.404745041175235531E+01    0.351354012849277737E+02   -0.735831319988484989E+01    1
   -0.404502119728623022E+01    0.351723095515092794E+02   -0.736331319988484001E+01    1
   -0.404475187221050714E+01    0.351764417356850956E+02   -0.736831319988482036E+01    1
   -0.404348901915413617E+01    0.351959252383561036E+02   -0.737331319988482381E+01    1
   -0.404210777878761274E+01    0.352174400715525664E+02   -0.737831319988483525E+01    1
   -0.404209671616554278E+01    0.352176132565539390E+02   -0.738331319988483958E+01    1
   -0.404041722291894967E+01    0.352440667721525145E+02   -0.738831319988483326E+01    1
   -0.403828270435333270E+01    0.352781528455300446E+02   -0.739331319988483848E+01    1
   -0.403822860449337107E+01    0.352790235878358445E+02   -0.739831319988484815E+01    1
   -0.403731312523595065E+01    0.352938097795321184E+02   -0.740331319988484626E+01    1
   -0.403695679985325029E+01    0.352995912481828498E+02   -0.740831319988483994E+01    1
   -0.403558653593063354E+01    0.353219623912631207E+02   -0.741331319988483362E+01    1
   -0.403180242776870745E+01    0.353848947158471177E+02   -0.741831319988483440E+01    1
   -0.403098967075347936E+01    0.353986347612947014E+02   -0.742331319988483784E+01    1
   -0.402721904516220075E+01    0.354634289883431535E+02   -0.742831319988483507E+01    1
   -0.402523876440394801E+01    0.354981587169532204E+02   -0.743331319988483408E+01    1
   -0.368923007722998308E+01    0.355279259125201676E+02   -0.743831319988484285E+01    1
   -0.402241364480671137E+01    0.355485540229617314E+02   -0.744331319988484630E+01    1
   -0.402137920648677571E+01    0.355672590590770170E+02   -0.744831319988484708E+01    1
   -0.402070869207382220E+01    0.355794563997544628E+02   -0.745331319988485053E+01    1
   -0.401978271603584325E+01    0.355963955644911323E+02   -0.745831319988483887E+01    1
   -0.401614353776426292E+01    0.356640428910163934E+02   -0.746331319988483877E+01    1
   -0.401235485672950709E+01    0.357363175464838037E+02   -0.746831319988484577E+01    1
   -0.401009420902392222E+01    0.357803565350975390E+02   -0.747331319988484211E+01    1
   -0.400828237224416117E+01    0.358161522679754540E+02   -0.747831319988484289E+01    1
   -0.400761836243011960E+01    0.358293831367739841E+02   -0.748331319988483656E+01    1
   -0.369046447544431189E+01    0.358687531933217372E+02   -0.748831319988483557E+01    1
   -0.400512950276913759E+01    0.358795160048645343E+02   -0.749331319988483635E+01    1
   -0.400470942157038667E+01    0.358880623524652904E+02   -0.749831319988484157E+01    1
   -0.400083579810669665E+01    0.359680351974492325E+02   -0.750331319988484857E+01    1
   -0.400076498639876377E+01    0.359695168600660509E+02   -0.750831319988484225E+01    1
   -0.400054913759231567E+01    0.359740376741432257E+02   -0.751331319988483948E+01    1
   -0.369086550632348631E+01    0.359771382136103242E+02   -0.751831319988483671E+01    1
   -0.399952670931816101E+01    0.359955419633482450E+02   -0.752331319988483926E+01    1
   -0.399639950421662205E+01    0.360622460295847489E+02   -0.752831319988484982E+01    1
   -0.369133890416765542E+01    0.361036231626110933E+02   -0.753331319988484971E+01    1
   -0.399226467712510447E+01    0.361526253740673269E+02   -0.753831319988484694E+01    1
   -0.398876553715223370E+01    0.362310837086411084E+02   -0.754331319988484239E+01    1
   -0.398692821160724531E+01    0.362730153605000751E+02   -0.754831319988483518E+01    1
   -0.398513337373733556E+01    0.363144709948758333E+02   -0.755331319988483774E+01    1
   -0.398358188365553989E+01    0.363507020137379300E+02   -0.755831319988483674E+01    1
   -0.398340155482292158E+01    0.363549370638459663E+02   -0.756331319988483397E+01    1
   -0.369247032403945941E+01    0.363996084218436593E+02   -0.756831319988484097E+01    1
   -0.397922347701862655E+01    0.364544669888160300E+02   -0.757331319988484619E+01    1
   -0.397919672131538427E+01    0.364551131061634095E+02   -0.757831319988483809E+01    1
   -0.397877997159957886E+01    0.364651915533060773E+02   -0.758331319988483266E+01    1
   -0.369283733693831007E+01    0.364937332515281483E+02   -0.758831319988483433E+01    1
   -0.397372160371169336E+01    0.365897013221831031E+02   -0.759331319988483688E+01    1
   -0.397316768850959168E+01    0.366035823793335311E+02   -0.759831319988484566E+01    1
   -0.397298868894577062E+01    0.366080785717296351E+02   -0.760331319988484200E+01    1
   -0.397232499677144801E+01    0.366247942534247102E+02   -0.760831319988483390E+01    1
   -0.369337797760963449E+01    0.366307251000486929E+02   -0.761331319988484001E+01    1
   -0.397066104412078857E+01    0.366670132623577558E+02   -0.761831319988484612E+01    1
   -0.396847330646450747E+01    0.367232019634778482E+02   -0.762331319988484690E+01    1
   -0.369393300485567799E+01    0.367693225259588701E+02   -0.762831319988485124E+01    1
   -0.369413352012634277E+01    0.368188899205386946E+02   -0.763331319988484047E+01    1
   -0.369442346095053864E+01    0.368900936381266575E+02   -0.763831319988482971E+01    1
   -0.396206936240196228E+01    0.368921660809848930E+02   -0.764331319988483493E+01    1
   -0.369450933817423710E+01    0.369110771874303154E+02   -0.764831319988483571E+01    1
   -0.396055414153380658E+01    0.369331332509408128E+02   -0.765331319988484093E+01    1
   -0.369460586148498393E+01    0.369346042901452307E+02   -0.765831319988484260E+01    1
   -0.396005901334269428E+01    0.369466027794206155E+02   -0.766331319988484161E+01    1
   -0.395701434882513770E+01    0.370303296559292789E+02   -0.766831319988484506E+01    1
   -0.395527903676670833E+01    0.370787452571435594E+02   -0.767331319988483607E+01    1
   -0.395523857588757055E+01    0.370798801710567147E+02   -0.767831319988483152E+01    1
   -0.395506219083635102E+01    0.370848309352796903E+02   -0.768331319988483941E+01    1
   -0.395433635883030732E+01    0.371052587697112770E+02   -0.768831319988484463E+01    1
   -0.395344120860099801E+01    0.371305744371781401E+02   -0.769331319988483830E+01    1
   -0.395313170272580949E+01    0.371393590768480237E+02   -0.769831319988483997E+01    1
   -0.369547512906582876E+01    0.371437494146042013E+02   -0.770331319988484786E+01    1
   -0.395042428202467022E+01    0.372168958306458464E+02   -0.770831319988485042E+01    1
   -0.395014147862054799E+01    0.372250667870524410E+02   -0.771331319988483699E+01    1
   -0.395013366466116000E+01    0.372252927468452697E+02   -0.771831319988483866E+01    1
   -0.394877416491508493E+01    0.372647644327193746E+02   -0.772331319988485099E+01    1
   -0.394869461612512751E+01    0.372670838146496237E+02   -0.772831319988484200E+01    1
   -0.394859759666019450E+01    0.372699140466217784E+02   -0.773331319988482768E+01    1
   -0.394777394174012164E+01    0.372940063126856245E+02   -0.773831319988483823E+01    1
   -0.394740802982342842E+01    0.373047466020235561E+02   -0.774331319988485056E+01    1
   -0.394682679772377032E+01    0.373218540942170591E+02   -0.774831319988484424E+01    1
   -0.394638377428054810E+01    0.373349325204291489E+02   -0.775331319988483525E+01    1
   -0.394637641687845475E+01    0.373351500010009403E+02   -0.775831319988483070E+01    1
   -0.369636385811787127E+01    0.373525493852273414E+02   -0.776331319988483504E+01    1
   -0.394534161860459198E+01    0.373658304864772504E+02   -0.776831319988483138E+01    1
   -0.394412454564889536E+01    0.374021503689228751E+02   -0.777331319988483305E+01    1
   -0.394382111127435397E+01    0.374112450897592410E+02   -0.777831319988483827E+01    1
   -0.394230193893655168E+01    0.374570167994330774E+02   -0.778331319988484172E+01    1
   -0.394205419729798523E+01    0.374645187777270650E+02   -0.778831319988484072E+01    1
   -0.394147091273911876E+01    0.374822232414070413E+02   -0.779331319988484150E+01    1
   -0.394139451630975124E+01    0.374845464485170936E+02   -0.779831319988484672E+01    1
   -0.393994913101196298E+01    0.375286901119476255E+02   -0.780331319988483241E+01    1
   -0.393725962157435827E+01    0.376117905979854328E+02   -0.780831319988482697E+01    1
   -0.393571508526802072E+01    0.376600787902605134E+02   -0.781331319988483575E+01    1
   -0.393408299727981703E+01    0.377115525022011013E+02   -0.781831319988483564E+01    1
   -0.393188248192611844E+01    0.377816830007328193E+02   -0.782331319988483376E+01    1
   -0.392758025527000409E+01    0.379212131397668628E+02   -0.782831319988483809E+01    1
   -0.392561848692183446E+01    0.379858976613472237E+02   -0.783331319988484420E+01    1
   -0.392479990720748884E+01    0.380130842593989797E+02   -0.783831319988484054E+01    1
   -0.392435162939219140E+01    0.380280212459170528E+02   -0.784331319988482800E+01    1
   -0.392375099148905004E+01    0.380480891107119064E+02   -0.784831319988483145E+01    1
   -0.369962676612368435E+01    0.380769727270036853E+02   -0.785331319988483223E+01    1
   -0.370012992891336445E+01    0.381829641357370875E+02   -0.785831319988483212E+01    1
   -0.391542723358206679E+01    0.383325364034725524E+02   -0.786331319988484623E+01    1
   -0.391519243389765137E+01    0.383407305539358418E+02   -0.786831319988483990E+01    1
   -0.391428969559014295E+01    0.383723210065239897E+02   -0.787331319988482559E+01    1
   -0.391387999961494915E+01    0.383867030097096347E+02   -0.787831319988483170E+01    1
   -0.390983009073700316E+01    0.385303757588135554E+02   -0.788331319988482893E+01    1
   -0.390819657092694994E+01    0.385890925252704307E+02   -0.788831319988482349E+01    1
   -0.370231653176377096E+01    0.386265113892790879E+02   -0.789331319988483315E+01    1
   -0.390713372137371984E+01    0.386275307943248052E+02   -0.789831319988484459E+01    1
   -0.390511001628507071E+01    0.387012249320736004E+02   -0.790331319988484005E+01    1
   -0.370280738822843336E+01    0.387223481269613785E+02   -0.790831319988484260E+01    1
   -0.370296441584775060E+01    0.387527233390021379E+02   -0.791331319988484250E+01    1
   -0.370316234827041635E+01    0.387908164617807074E+02   -0.791831319988483440E+01    1
   -0.390266616367927899E+01    0.387910943473961893E+02   -0.792331319988483607E+01    1
   -0.390228677988052386E+01    0.388051306882662814E+02   -0.792831319988484040E+01    1
   -0.390098100320098018E+01    0.388536144709164688E+02   -0.793331319988484562E+01    1
   -0.390045981131860131E+01    0.388730409092937279E+02   -0.793831319988484108E+01    1
   -0.390016418823161004E+01    0.388840784830012893E+02   -0.794331319988484630E+01    1
   -0.370378997921943665E+01    0.389101811146819045E+02   -0.794831319988485330E+01    1
   -0.389784719983804262E+01    0.389710540783028279E+02   -0.795331319988483898E+01    1
   -0.389653159445885278E+01    0.390208042452412442E+02   -0.795831319988483266E+01    1
   -0.370448691313661760E+01    0.390402109225748291E+02   -0.796331319988484676E+01    1
   -0.389515431961226222E+01    0.390731653037942976E+02   -0.796831319988485554E+01    1
   -0.389496281954742729E+01    0.390804681089559764E+02   -0.797331319988485543E+01    1
   -0.370487826466560399E+01    0.391120799063281837E+02   -0.797831319988485443E+01    1
   -0.389251515435740369E+01    0.391742839298932637E+02   -0.798331319988484456E+01    1
   -0.389187088964964722E+01    0.391991224473942381E+02   -0.798831319988484445E+01    1
   -0.389161026728636283E+01    0.392091872105399091E+02   -0.799331319988483990E+01    1
   -0.389145047353234519E+01    0.392153629544530276E+02   -0.799831319988483802E+01    1
   -0.389141250405753514E+01    0.392168309424277766E+02   -0.800331319988484147E+01    1
   -0.370566289436465368E+01    0.392537176828103185E+02   -0.800831319988482804E+01    1
   -0.389037455977264557E+01    0.392570395100809222E+02   -0.801331319988483592E+01    1
   -0.388947681632757281E+01    0.392919391831323637E+02   -0.801831319988484204E+01    1
   -0.388885762095451337E+01    0.393160757213286018E+02   -0.802331319988484282E+01    1
   -0.388864570260047948E+01    0.393243485708432843E+02   -0.802831319988485248E+01    1
   -0.370669599175453168E+01    0.394352870317946724E+02   -0.803331319988485504E+01    1
   -0.370672903466832793E+01    0.394410032397862693E+02   -0.803831319988484161E+01    1
   -0.388558251723871928E+01    0.394446096158597896E+02   -0.804331319988482463E+01    1
   -0.388557133078575134E+01    0.394450510937143832E+02   -0.804831319988483962E+01    1
   -0.388554367423057556E+01    0.394461426413618952E+02   -0.805331319988481731E+01    1
   -0.388487586133072593E+01    0.394725302590766063E+02   -0.805831319988483763E+01    1
   -0.388427539431967261E+01    0.394963063198202846E+02   -0.806331319988484907E+01    1
   -0.388404271338900742E+01    0.395055320419290226E+02   -0.806831319988484275E+01    1
   -0.388350757736886454E+01    0.395267762983350366E+02   -0.807331319988483642E+01    1
   -0.370745499134063738E+01    0.395651802837743460E+02   -0.807831319988483720E+01    1
   -0.388165810752923512E+01    0.396004759031752016E+02   -0.808331319988484509E+01    1
   -0.388117534018528776E+01    0.396197834266404598E+02   -0.808831319988484232E+01    1
   -0.370797713702944343E+01    0.396528430688932971E+02   -0.809331319988483600E+01    1
   -0.387942679556485182E+01    0.396899489557577567E+02   -0.809831319988482967E+01    1
   -0.387868986663435855E+01    0.397196285989383640E+02   -0.810331319988483756E+01    1
   -0.387664475074687953E+01    0.398023201902133152E+02   -0.810831319988484367E+01    1
   -0.370940192220395648E+01    0.398851445930732638E+02   -0.811331319988484445E+01    1
   -0.370944655770962761E+01    0.398922610369164161E+02   -0.811831319988484701E+01    1
   -0.387367425511413765E+01    0.399232404891253196E+02   -0.812331319988484069E+01    1
   -0.370964598362710607E+01    0.399239382480445997E+02   -0.812831319988483969E+01    1
   -0.370972155302870021E+01    0.399358914938801988E+02   -0.813331319988483692E+01    1
   -0.387316200733184823E+01    0.399441851766676592E+02   -0.813831319988483237E+01    1
   -0.370982497333276040E+01    0.399522053430149455E+02   -0.814331319988484026E+01    1
   -0.387286535629322204E+01    0.399563265856834562E+02   -0.814831319988483571E+01    1
   -0.387269659343088701E+01    0.399632376432746099E+02   -0.815331319988482939E+01    1
   -0.387261592340509964E+01    0.399665421756747321E+02   -0.815831319988483372E+01    1
   -0.387257594937097416E+01    0.399681798915580515E+02   -0.816331319988483806E+01    1
   -0.387211765103352423E+01    0.399869672792511679E+02   -0.816831319988483706E+01    1
   -0.371039641477792248E+01    0.400414191418282854E+02   -0.817331319988484140E+01    1
   -0.387076093693088197E+01    0.400427018265029631E+02   -0.817831319988483862E+01    1
   -0.387067940388861453E+01    0.400460567333090935E+02   -0.818331319988483052E+01    1
   -0.386945975171098366E+01    0.400963146880242149E+02   -0.818831319988483486E+01    1
   -0.386871876036585061E+01    0.401269127488279835E+02   -0.819331319988483919E+01    1
   -0.386771123549584939E+01    0.401685917212853596E+02   -0.819831319988483997E+01    1
   -0.386753561151167258E+01    0.401758654715042169E+02   -0.820331319988483898E+01    1
   -0.386698958438186224E+01    0.401984959528411494E+02   -0.820831319988483799E+01    1
   -0.386652070742387100E+01    0.402179477352410828E+02   -0.821331319988483521E+01    1
   -0.371160204206538324E+01    0.402245566843831099E+02   -0.821831319988483777E+01    1
   -0.386513766551440874E+01    0.402754221185479722E+02   -0.822331319988483855E+01    1
   -0.371197683811187762E+01    0.402801034734266494E+02   -0.822831319988483223E+01    1
   -0.386425535856031033E+01    0.403121604648048120E+02   -0.823331319988483479E+01    1
   -0.386414129419286656E+01    0.403169139499966747E+02   -0.823831319988484090E+01    1
   -0.386353190698490412E+01    0.403423242846077912E+02   -0.824331319988483813E+01    1
   -0.386341730782438297E+01    0.403471056203211802E+02   -0.824831319988483358E+01    1
   -0.386185770799471273E+01    0.404122584808150194E+02   -0.825331319988483791E+01    1
   -0.386176809509144014E+01    0.404160066030133294E+02   -0.825831319988484047E+01    1
   -0.371305015420176820E+01    0.404356042325619711E+02   -0.826331319988484658E+01    1
   -0.371313322782516497E+01    0.404474214613297391E+02   -0.826831319988483848E+01    1
   -0.386068080036669858E+01    0.404615200680169735E+02   -0.827331319988482861E+01    1
   -0.386019755850965751E+01    0.404817690756612762E+02   -0.827831319988483294E+01    1
   -0.371339164376258868E+01    0.404839824786597546E+02   -0.828331319988483550E+01    1
   -0.371347974590314811E+01    0.404963787546671554E+02   -0.828831319988484161E+01    1
   -0.385846528309904535E+01    0.405544516138190545E+02   -0.829331319988483529E+01    1
   -0.385810009176370805E+01    0.405697919348519989E+02   -0.829831319988483074E+01    1
   -0.385750537913213964E+01    0.405947855906555262E+02   -0.830331319988483152E+01    1
   -0.385648404648915255E+01    0.406377407184643147E+02   -0.830831319988482697E+01    1
   -0.385568677865345277E+01    0.406712976043749563E+02   -0.831331319988482420E+01    1
   -0.385437241609218306E+01    0.407266605740921221E+02   -0.831831319988483031E+01    1
   -0.385330870702455552E+01    0.407714968602280763E+02   -0.832331319988483287E+01    1
   -0.385314089773610391E+01    0.407785722724469579E+02   -0.832831319988482832E+01    1
   -0.371583510041236886E+01    0.408151032467437176E+02   -0.833331319988483088E+01    1
   -0.385182468468132155E+01    0.408340838013549572E+02   -0.833831319988483521E+01    1
   -0.385174712220755522E+01    0.408373557201363226E+02   -0.834331319988483244E+01    1
   -0.371607531876638930E+01    0.408462605539656352E+02   -0.834831319988483145E+01    1
   -0.385109911714974995E+01    0.408646935686599591E+02   -0.835331319988483401E+01    1
   -0.371645125998703207E+01    0.408945307537264853E+02   -0.835831319988483301E+01    1
   -0.371646472055345889E+01    0.408962480066459548E+02   -0.836331319988483202E+01    1
   -0.371670521749362681E+01    0.409268014624046899E+02   -0.836831319988483457E+01    1
   -0.384944496089287114E+01    0.409344881303910455E+02   -0.837331319988483358E+01    1
   -0.384900331579722010E+01    0.409531225795607057E+02   -0.837831319988483969E+01    1
   -0.371699519076086027E+01    0.409633185740237309E+02   -0.838331319988484580E+01    1
   -0.384784015191486306E+01    0.410021942313125862E+02   -0.838831319988484658E+01    1
   -0.384706025436211307E+01    0.410350881424996459E+02   -0.839331319988483671E+01    1
   -0.384669863208997942E+01    0.410503371010600659E+02   -0.839831319988482861E+01    1
   -0.384647094271757028E+01    0.410599371024475701E+02   -0.840331319988483649E+01    1
   -0.384621151740435829E+01    0.410708738906982305E+02   -0.840831319988484793E+01    1
   -0.371809605906467322E+01    0.410987849461159271E+02   -0.841331319988484516E+01    1
   -0.384547829946469211E+01    0.411017763771505358E+02   -0.841831319988482996E+01    1
   -0.384540519714355478E+01    0.411048566349122382E+02   -0.842331319988483429E+01    1
   -0.384476525522550139E+01    0.411318149528531762E+02   -0.842831319988483862E+01    1
   -0.371837316412992003E+01    0.411321026502444198E+02   -0.843331319988483763E+01    1
   -0.384429553664774382E+01    0.411515943967524791E+02   -0.843831319988484196E+01    1
   -0.384410318228901104E+01    0.411596921357056900E+02   -0.844331319988483919E+01    1
   -0.371863739621404843E+01    0.411635832464045137E+02   -0.844831319988484353E+01    1
   -0.384389801392800434E+01    0.411683278730312736E+02   -0.845331319988483543E+01    1
   -0.384282317791146966E+01    0.412135421472405099E+02   -0.845831319988482733E+01    1
   -0.384223898283239240E+01    0.412380962402596793E+02   -0.846331319988483699E+01    1
   -0.371972602103229333E+01    0.412903364634418892E+02   -0.846831319988484132E+01    1
   -0.371992182135173532E+01    0.413126367350989696E+02   -0.847331319988483322E+01    1
   -0.383899331349291728E+01    0.413741770113429084E+02   -0.847831319988483934E+01    1
   -0.383875827894991062E+01    0.413840051568539593E+02   -0.848331319988483834E+01    1
   -0.372057960426655221E+01    0.413864575724910111E+02   -0.848831319988483024E+01    1
   -0.383855795486254303E+01    0.413923786829319056E+02   -0.849331319988483990E+01    1
   -0.383775331974029577E+01    0.414259816478256226E+02   -0.849831319988483536E+01    1
   -0.383652912918743105E+01    0.414770046553156462E+02   -0.850331319988483258E+01    1
   -0.383575738285603052E+01    0.415091018368642111E+02   -0.850831319988483870E+01    1
   -0.383482453988930150E+01    0.415478223054999134E+02   -0.851331319988483415E+01    1
   -0.383465963538180787E+01    0.415546579705920394E+02   -0.851831319988482605E+01    1
   -0.383429760823080512E+01    0.415696547462140842E+02   -0.852331319988483571E+01    1
   -0.372267368855669112E+01    0.416104495297561456E+02   -0.852831319988484537E+01    1
   -0.383324501619967339E+01    0.416131759464775044E+02   -0.853331319988483905E+01    1
   -0.383276739988574100E+01    0.416328816960270558E+02   -0.853831319988484161E+01    1
   -0.372358538521456639E+01    0.417028603519368701E+02   -0.854331319988484239E+01    1
   -0.382836835905033723E+01    0.418129593402794200E+02   -0.854831319988483074E+01    1
   -0.382824202771083133E+01    0.418180886540558134E+02   -0.855331319988483330E+01    1
   -0.372498158318630068E+01    0.418385575220373767E+02   -0.855831319988483763E+01    1
   -0.382764484882354772E+01    0.418423000743012139E+02   -0.856331319988483131E+01    1
   -0.382761079213825717E+01    0.418436790530365244E+02   -0.856831319988482676E+01    1
   -0.382753559436475843E+01    0.418467231728477671E+02   -0.857331319988483642E+01    1
   -0.372533017840861191E+01    0.418713588540614481E+02   -0.857831319988484609E+01    1
   -0.382627692141609677E+01    0.418975314309813527E+02   -0.858331319988483443E+01    1
   -0.372564837681160377E+01    0.419009290927861429E+02   -0.858831319988483344E+01    1
   -0.372580313674430741E+01    0.419151837578393938E+02   -0.859331319988482889E+01    1
   -0.382577601709975923E+01    0.419176725738170006E+02   -0.859831319988484033E+01    1
   -0.372610821649132262E+01    0.419430416488948268E+02   -0.860331319988483578E+01    1
   -0.382439722947002858E+01    0.419728682677222338E+02   -0.860831319988485077E+01    1
   -0.372683929606586473E+01    0.420085007871769278E+02   -0.861331319988484090E+01    1
   -0.382325822761228107E+01    0.420181792502608999E+02   -0.861831319988482747E+01    1
   -0.382288537504360848E+01    0.420329528416659031E+02   -0.862331319988483180E+01    1
   -0.382283061455003459E+01    0.420351201101253267E+02   -0.862831319988482903E+01    1
   -0.372742117214873225E+01    0.420593061691628662E+02   -0.863331319988482804E+01    1
   -0.382166520430696188E+01    0.420810870519513927E+02   -0.863831319988483237E+01    1
   -0.382138912209837578E+01    0.420919315309739730E+02   -0.864331319988482605E+01    1
   -0.372809965177871394E+01    0.421171177826678473E+02   -0.864831319988483216E+01    1
   -0.382068073841611255E+01    0.421196752418944200E+02   -0.865331319988483294E+01    1
   -0.372852851423045850E+01    0.421528762605648240E+02   -0.865831319988484083E+01    1
   -0.381952645678673131E+01    0.421646225311396563E+02   -0.866331319988483983E+01    1
   -0.381917298860516086E+01    0.421783197810425179E+02   -0.866831319988483884E+01    1
   -0.381911919713020342E+01    0.421804014491328019E+02   -0.867331319988484317E+01    1
   -0.381884157294739168E+01    0.421911332777971353E+02   -0.867831319988483330E+01    1
   -0.381866103954112646E+01    0.421981011828943195E+02   -0.868331319988483230E+01    1
   -0.381852536982462709E+01    0.422033318753772448E+02   -0.868831319988483486E+01    1
   -0.381845496348595770E+01    0.422060444440751041E+02   -0.869331319988484452E+01    1
   -0.381831082248270182E+01    0.422115936994520951E+02   -0.869831319988485063E+01    1
   -0.372939238993547839E+01    0.422230884559272184E+02   -0.870331319988484253E+01    1
   -0.381792533425788516E+01    0.422264071335074220E+02   -0.870831319988483088E+01    1
   -0.372949951291084325E+01    0.422316273521425316E+02   -0.871331319988483699E+01    1
   -0.381753773604422397E+01    0.422412608912977845E+02   -0.871831319988484310E+01    1
   -0.381747761973252331E+01    0.422435609968281582E+02   -0.872331319988483855E+01    1
   -0.372970065542968054E+01    0.422475615747311295E+02   -0.872831319988484289E+01    1
   -0.381716867132834414E+01    0.422553657755983991E+02   -0.873331319988484722E+01    1
   -0.381692791670747411E+01    0.422645463153533498E+02   -0.873831319988484445E+01    1
   -0.381615912422081616E+01    0.422937511050631088E+02   -0.874331319988483102E+01    1
   -0.381612025206563565E+01    0.422952232148921041E+02   -0.874831319988483713E+01    1
   -0.381567473911036537E+01    0.423120631289148719E+02   -0.875331319988483969E+01    1
   -0.381564017730253280E+01    0.423133670572914582E+02   -0.875831319988483870E+01    1
   -0.373059290449916059E+01    0.423166986792542232E+02   -0.876331319988484836E+01    1
   -0.381553333063942457E+01    0.423173958392210707E+02   -0.876831319988484026E+01    1
   -0.381550690531730652E+01    0.423183917077324097E+02   -0.877331319988483216E+01    1
   -0.381537069940384344E+01    0.423235214371014123E+02   -0.877831319988482761E+01    1
   -0.381496139989948269E+01    0.423389023027837936E+02   -0.878331319988483550E+01    1
   -0.373096045302605051E+01    0.423444527190310680E+02   -0.878831319988484161E+01    1
   -0.373112047907368227E+01    0.423564054627427709E+02   -0.879331319988483706E+01    1
   -0.381445891770559253E+01    0.423577140544407769E+02   -0.879831319988483607E+01    1
   -0.381445224921700898E+01    0.423579631757950494E+02   -0.880331319988484040E+01    1
   -0.381414998972211672E+01    0.423692402133704746E+02   -0.880831319988484118E+01    1
   -0.373164231291407589E+01    0.423948344866300886E+02   -0.881331319988484019E+01    1
   -0.373170516512201811E+01    0.423994067656252369E+02   -0.881831319988483919E+01    1
   -0.381329376655653629E+01    0.424010257461392399E+02   -0.882331319988483287E+01    1
   -0.381329245324192989E+01    0.424010743164276960E+02   -0.882831319988482655E+01    1
   -0.381287187557259788E+01    0.424165990719398209E+02   -0.883331319988483976E+01    1
   -0.381145009538176893E+01    0.424686354927014946E+02   -0.883831319988483877E+01    1
   -0.381142269771116915E+01    0.424696313113218835E+02   -0.884331319988483777E+01    1
   -0.381070901155471820E+01    0.424954767286648405E+02   -0.884831319988483145E+01    1
   -0.381047289371490461E+01    0.425039867858111506E+02   -0.885331319988483223E+01    1
   -0.381026117773812167E+01    0.425115998945859701E+02   -0.885831319988482946E+01    1
   -0.381025729585053519E+01    0.425117393285716432E+02   -0.886331319988483735E+01    1
   -0.373353747979875372E+01    0.425274728823596320E+02   -0.886831319988483813E+01    1
   -0.380974034070968637E+01    0.425302575521277220E+02   -0.887331319988483358E+01    1
   -0.380890648033605261E+01    0.425599136139058487E+02   -0.887831319988483258E+01    1
   -0.380845178905243475E+01    0.425759706353300729E+02   -0.888331319988483692E+01    1
   -0.380788009166717512E+01    0.425960428316343496E+02   -0.888831319988483770E+01    1
   -0.380787388965502993E+01    0.425962598607726406E+02   -0.889331319988483848E+01    1
   -0.380754127494450678E+01    0.426078761931566206E+02   -0.889831319988484459E+01    1
   -0.380726801753044164E+01    0.426173855205463497E+02   -0.890331319988484182E+01    1
   -0.380722816230591166E+01    0.426187698955424423E+02   -0.890831319988484438E+01    1
   -0.380710300519755496E+01    0.426231129432581355E+02   -0.891331319988484161E+01    1
   -0.373514607879349381E+01    0.426317767835527732E+02   -0.891831319988483173E+01    1
   -0.380606023804098870E+01    0.426590407086250991E+02   -0.892331319988483074E+01    1
   -0.373595524430274972E+01    0.426814593935035944E+02   -0.892831319988483152E+01    1
   -0.373597450076264526E+01    0.426826194285880973E+02   -0.893331319988483941E+01    1
   -0.380501813890519669E+01    0.426944746470767171E+02   -0.893831319988483841E+01    1
   -0.373617236853548818E+01    0.426944796201600951E+02   -0.894331319988482676E+01    1
   -0.380496383202714838E+01    0.426963079834867187E+02   -0.894831319988482754E+01    1
   -0.373627233621759824E+01    0.427004304519577218E+02   -0.895331319988483543E+01    1
   -0.380470435387661832E+01    0.427050492799082946E+02   -0.895831319988484154E+01    1
   -0.373655452513396025E+01    0.427170797664705404E+02   -0.896331319988484054E+01    1
   -0.380426888029548627E+01    0.427196505891409828E+02   -0.896831319988484310E+01    1
   -0.373677249937816125E+01    0.427297907020566186E+02   -0.897331319988484033E+01    1
   -0.373700991218982281E+01    0.427434875466787787E+02   -0.897831319988483045E+01    1
   -0.380354218408973210E+01    0.427438209951113208E+02   -0.898331319988482946E+01    1
   -0.373713848766814127E+01    0.427508413541296051E+02   -0.898831319988483557E+01    1
   -0.373714524628209954E+01    0.427512266692649732E+02   -0.899331319988483990E+01    1
   -0.373720176487383338E+01    0.427544440063826627E+02   -0.899831319988483358E+01    1
   -0.380301724936283492E+01    0.427611255984496879E+02   -0.900331319988482726E+01    1
   -0.373732725330117521E+01    0.427615565873919223E+02   -0.900831319988482626E+01    1
   -0.380238869728452178E+01    0.427816711408863029E+02   -0.901331319988483592E+01    1
   -0.380225268009803941E+01    0.427860917025579752E+02   -0.901831319988484736E+01    1
   -0.380220122420891693E+01    0.427877616380631309E+02   -0.902331319988484459E+01    1
   -0.373780772342233636E+01    0.427883974587181513E+02   -0.902831319988484537E+01    1
   -0.380195923467145924E+01    0.427955974813674658E+02   -0.903331319988484438E+01    1
   -0.380192767977621582E+01    0.427966171082707945E+02   -0.903831319988484161E+01    1
   -0.373796629632485589E+01    0.427971203389177646E+02   -0.904331319988483884E+01    1
   -0.373798341147394675E+01    0.427980578157152536E+02   -0.904831319988484140E+01    1
   -0.373818356519643569E+01    0.428089634192338551E+02   -0.905331319988484573E+01    1
   -0.373828532985080209E+01    0.428144674745119573E+02   -0.905831319988483408E+01    1
   -0.373831857246196764E+01    0.428162595067323295E+02   -0.906331319988483308E+01    1
   -0.380130373605698324E+01    0.428166755943024171E+02   -0.906831319988483209E+01    1
   -0.380123253561918695E+01    0.428189519882302534E+02   -0.907331319988482932E+01    1
   -0.380110273099881191E+01    0.428230953759821418E+02   -0.907831319988483898E+01    1
   -0.380077878097869704E+01    0.428333980831287633E+02   -0.908331319988483443E+01    1
   -0.380061338303433516E+01    0.428386373203877966E+02   -0.908831319988483344E+01    1
   -0.380061234676092319E+01    0.428386701010176054E+02   -0.909331319988483777E+01    1
   -0.373880844651487543E+01    0.428423303426314988E+02   -0.909831319988483678E+01    1
   -0.380047044028227088E+01    0.428431537513343201E+02   -0.910331319988484466E+01    1
   -0.373887249500300634E+01    0.428456924950313223E+02   -0.910831319988484900E+01    1
   -0.380033718905944440E+01    0.428473543159264452E+02   -0.911331319988484623E+01    1
   -0.379998722819583357E+01    0.428583417035864542E+02   -0.911831319988483635E+01    1
   -0.373923231367986197E+01    0.428643823200278575E+02   -0.912331319988483358E+01    1
   -0.373946469073190668E+01    0.428762743362835508E+02   -0.912831319988483436E+01    1
   -0.379924619665607910E+01    0.428813907981325784E+02   -0.913331319988483514E+01    1
   -0.374009872291542456E+01    0.429080163457672938E+02   -0.913831319988484303E+01    1
   -0.379829048987685169E+01    0.429106734240064824E+02   -0.914331319988483671E+01    1
   -0.379821680796979777E+01    0.429129098652775056E+02   -0.914831319988483216E+01    1
   -0.379821213958241310E+01    0.429130514600624480E+02   -0.915331319988483116E+01    1
   -0.374041633002965135E+01    0.429235324644185070E+02   -0.915831319988483550E+01    1
   -0.379774876570456010E+01    0.429270443294647066E+02   -0.916331319988483983E+01    1
   -0.379767504605700612E+01    0.429292592042094512E+02   -0.916831319988484061E+01    1
   -0.379755538752062494E+01    0.429328476450948813E+02   -0.917331319988484317E+01    1
   -0.379754257905870674E+01    0.429332312696510243E+02   -0.917831319988484395E+01    1
   -0.374067801478062378E+01    0.429361254886357955E+02   -0.918331319988484296E+01    1
   -0.379732599977164975E+01    0.429397036500563729E+02   -0.918831319988482775E+01    1
   -0.374085562899217106E+01    0.429445749806564194E+02   -0.919331319988482321E+01    1
   -0.379714974890188017E+01    0.429449507377401929E+02   -0.919831319988483997E+01    1
   -0.374088418735726069E+01    0.429459262080533719E+02   -0.920331319988485141E+01    1
   -0.379688103565791923E+01    0.429529155358306980E+02   -0.920831319988484331E+01    1
   -0.379673051487417146E+01    0.429573584891927496E+02   -0.921331319988484232E+01    1
   -0.374122500710218375E+01    0.429618953167344912E+02   -0.921831319988483422E+01    1
   -0.379653643557717624E+01    0.429630673705247901E+02   -0.922331319988482790E+01    1
   -0.374127805204012720E+01    0.429643548233388657E+02   -0.922831319988484111E+01    1
   -0.379593607546123391E+01    0.429805844884647570E+02   -0.923331319988483656E+01    1
   -0.374170876122224438E+01    0.429840684311109129E+02   -0.923831319988483202E+01    1
   -0.379567428883566782E+01    0.429881545888408567E+02   -0.924331319988483813E+01    1
   -0.374201477100970692E+01    0.429977982391642968E+02   -0.924831319988483180E+01    1
   -0.379532218345648653E+01    0.429982702690635179E+02   -0.925331319988483258E+01    1
   -0.374212614438403257E+01    0.430027386405438463E+02   -0.925831319988483514E+01    1
   -0.379500967962446412E+01    0.430071840345564169E+02   -0.926331319988483592E+01    1
   -0.379497349300213926E+01    0.430082122824094739E+02   -0.926831319988484381E+01    1
   -0.379483858686087494E+01    0.430120384367824329E+02   -0.927331319988484815E+01    1
   -0.379480439147300164E+01    0.430130064596087180E+02   -0.927831319988483294E+01    1
   -0.374245100937693653E+01    0.430169776566590016E+02   -0.928331319988483727E+01    1
   -0.379463998323247775E+01    0.430176503494888962E+02   -0.928831319988484871E+01    1
   -0.374254029801146393E+01    0.430208466161217800E+02   -0.929331319988483173E+01    1
   -0.379452382035921332E+01    0.430209212083315293E+02   -0.929831319988482896E+01    1
   -0.379437639937818805E+01    0.430250598980485748E+02   -0.930331319988482974E+01    1
   -0.374264046302823328E+01    0.430251640535372957E+02   -0.930831319988482164E+01    1
   -0.379422937250209458E+01    0.430291737398906804E+02   -0.931331319988483486E+01    1
   -0.374279197982599143E+01    0.430316492070268382E+02   -0.931831319988484985E+01    1
   -0.379412420566046116E+01    0.430321078502719629E+02   -0.932331319988483997E+01    1
   -0.379395482345566482E+01    0.430368186106344979E+02   -0.932831319988482655E+01    1
   -0.379335562124858061E+01    0.430533340813754108E+02   -0.933331319988483088E+01    1
   -0.374339900545092030E+01    0.430570824070528744E+02   -0.933831319988483166E+01    1
   -0.379319915916035910E+01    0.430576078921004921E+02   -0.934331319988482534E+01    1
   -0.379293045433168974E+01    0.430649098974234477E+02   -0.934831319988482790E+01    1
   -0.379288227346849904E+01    0.430662141343920268E+02   -0.935331319988483756E+01    1
   -0.379278866473734766E+01    0.430687436606301972E+02   -0.935831319988484189E+01    1
   -0.379268152470779984E+01    0.430716316451102514E+02   -0.936331319988483202E+01    1
   -0.379267923223539860E+01    0.430716933552143715E+02   -0.936831319988482214E+01    1
   -0.379246731963730355E+01    0.430773824889801489E+02   -0.937331319988484069E+01    1
   -0.374405694432630654E+01    0.430836679122030404E+02   -0.937831319988485035E+01    1
   -0.379159705725472751E+01    0.431004261533085398E+02   -0.938331319988483337E+01    1
   -0.374453463811240628E+01    0.431023391616713667E+02   -0.938831319988483237E+01    1
   -0.374460699318370382E+01    0.431051213707942154E+02   -0.939331319988482960E+01    1
   -0.374468554766596551E+01    0.431081283597621123E+02   -0.939831319988483038E+01    1
   -0.379104309765050873E+01    0.431148219993794228E+02   -0.940331319988483116E+01    1
   -0.379085697370240382E+01    0.431196105008648658E+02   -0.940831319988482129E+01    1
   -0.374515538987142627E+01    0.431258192209862941E+02   -0.941331319988483983E+01    1
   -0.374516448800055946E+01    0.431261568355012272E+02   -0.941831319988485482E+01    1
   -0.379057199048313720E+01    0.431268948119932176E+02   -0.942331319988484850E+01    1
   -0.374565306823122679E+01    0.431440126249330760E+02   -0.942831319988483330E+01    1
   -0.374573513599957009E+01    0.431469592569982225E+02   -0.943331319988482342E+01    1
   -0.374588138925370329E+01    0.431521731290094763E+02   -0.943831319988482420E+01    1
   -0.374589533297918686E+01    0.431526677247984338E+02   -0.944331319988483919E+01    1
   -0.374591842404060582E+01    0.431534858313957201E+02   -0.944831319988483642E+01    1
   -0.378941504009052776E+01    0.431558660820409301E+02   -0.945331319988483365E+01    1
   -0.378915502747614674E+01    0.431622421188775931E+02   -0.945831319988484687E+01    1
   -0.374643050384300569E+01    0.431713244767226101E+02   -0.946331319988483699E+01    1
   -0.378872260298627506E+01    0.431727343668180197E+02   -0.946831319988483422E+01    1
   -0.378831878851266612E+01    0.431824051301797596E+02   -0.947331319988484388E+01    1
   -0.378821885510650080E+01    0.431847792382612852E+02   -0.947831319988484111E+01    1
   -0.374685856361551561E+01    0.431857928642922460E+02   -0.948331319988483834E+01    1
   -0.374698695279260496E+01    0.431900543356813529E+02   -0.948831319988483735E+01    1
   -0.378785739154158696E+01    0.431933025158504762E+02   -0.949331319988483280E+01    1
   -0.378783279526425876E+01    0.431938788341227422E+02   -0.949831319988483891E+01    1
   -0.378782164809178479E+01    0.431941398706847934E+02   -0.950331319988484147E+01    1
   -0.378761167373424001E+01    0.431990388953885329E+02   -0.950831319988483337E+01    1
   -0.374729275619549007E+01    0.432000603536285084E+02   -0.951331319988483415E+01    1
   -0.378744604537061669E+01    0.432028790445824313E+02   -0.951831319988484026E+01    1
   -0.378736361828895252E+01    0.432047821502888780E+02   -0.952331319988484282E+01    1
   -0.378729055283283333E+01    0.432064646559569354E+02   -0.952831319988484182E+01    1
   -0.378713687503688901E+01    0.432099897462785307E+02   -0.953331319988483550E+01    1
   -0.374761943455451529E+01    0.432105263763363894E+02   -0.953831319988483095E+01    1
   -0.378709828402486526E+01    0.432108720282850314E+02   -0.954331319988483173E+01    1
   -0.378706392079724186E+01    0.432116566623918743E+02   -0.954831319988483251E+01    1
   -0.374768676865231321E+01    0.432126551195846957E+02   -0.955331319988484040E+01    1
   -0.378694629508744640E+01    0.432143353955651506E+02   -0.955831319988483763E+01    1
   -0.378693866768454068E+01    0.432145087183748799E+02   -0.956331319988483841E+01    1
   -0.378674654690401313E+01    0.432188591502243824E+02   -0.956831319988484452E+01    1
   -0.378666399164290812E+01    0.432207195094342893E+02   -0.957331319988484530E+01    1
   -0.374806546252949513E+01    0.432244470927949891E+02   -0.957831319988484076E+01    1
   -0.378646906639793990E+01    0.432250904270698726E+02   -0.958331319988482733E+01    1
   -0.378620336218561704E+01    0.432309991780302525E+02   -0.958831319988484410E+01    1
   -0.378588927462754476E+01    0.432379100113679016E+02   -0.959331319988483600E+01    1
   -0.374855208428228570E+01    0.432391534855931781E+02   -0.959831319988483500E+01    1
   -0.378579709266704079E+01    0.432399229918466546E+02   -0.960331319988484111E+01    1
   -0.378573363447674005E+01    0.432413046804064862E+02   -0.960831319988484367E+01    1
   -0.378558366052186734E+01    0.432445569312267253E+02   -0.961331319988483379E+01    1
   -0.374880763797450500E+01    0.432466773645025739E+02   -0.961831319988483280E+01    1
   -0.378539529180403544E+01    0.432486154793983459E+02   -0.962331319988483891E+01    1
   -0.374887805380157424E+01    0.432487265390189322E+02   -0.962831319988484502E+01    1
   -0.378537840760749766E+01    0.432489778269106253E+02   -0.963331319988484047E+01    1
   -0.378528935313224801E+01    0.432508850841382895E+02   -0.963831319988484125E+01    1
   -0.378523801915733227E+01    0.432519814931712361E+02   -0.964331319988484381E+01    1
   -0.374916787759247239E+01    0.432570521899048686E+02   -0.964831319988483926E+01    1
   -0.378494681098853381E+01    0.432581595569284190E+02   -0.965331319988483472E+01    1
   -0.378453521184682806E+01    0.432667700689374328E+02   -0.965831319988483550E+01    1
   -0.374951479012456668E+01    0.432667894356533296E+02   -0.966331319988483983E+01    1
   -0.378444666152429221E+01    0.432686037428351185E+02   -0.966831319988483529E+01    1
   -0.374969004729795730E+01    0.432716145809959514E+02   -0.967331319988483074E+01    1
   -0.378421866843539423E+01    0.432732941633595942E+02   -0.967831319988482974E+01    1
   -0.378416747002939857E+01    0.432743413299475463E+02   -0.968331319988483230E+01    1
   -0.378410311194811078E+01    0.432756544584680114E+02   -0.968831319988483486E+01    1
   -0.374986975927409905E+01    0.432764971834882388E+02   -0.969331319988483031E+01    1
   -0.375005013099637363E+01    0.432813316089154796E+02   -0.969831319988483642E+01    1
   -0.378374081494066061E+01    0.432829798859838490E+02   -0.970331319988483720E+01    1
   -0.378369633664371552E+01    0.432838713700875388E+02   -0.970831319988483443E+01    1
   -0.378368487003711351E+01    0.432841009176550884E+02   -0.971331319988484054E+01    1
   -0.375017668190726106E+01    0.432846841149704744E+02   -0.971831319988483600E+01    1
   -0.375033667548710437E+01    0.432888762441957056E+02   -0.972331319988484033E+01    1
   -0.378341066891919553E+01    0.432895559106919734E+02   -0.972831319988484644E+01    1
   -0.375040665108337912E+01    0.432906935209799073E+02   -0.973331319988484722E+01    1
   -0.375042002102285554E+01    0.432910396196705847E+02   -0.973831319988484800E+01    1
   -0.378332558172213496E+01    0.432912352603138970E+02   -0.974331319988483813E+01    1
   -0.375050718783185033E+01    0.432932872469291254E+02   -0.974831319988482647E+01    1
   -0.375051776707477558E+01    0.432935589987788987E+02   -0.975331319988483791E+01    1
   -0.378299005578151704E+01    0.432977952753418123E+02   -0.975831319988484758E+01    1
   -0.378295186746956258E+01    0.432985355954110887E+02   -0.976331319988484836E+01    1
   -0.378292386410569037E+01    0.432990776462594056E+02   -0.976831319988484381E+01    1
   -0.378249750205613999E+01    0.433072441279823082E+02   -0.977331319988483216E+01    1
   -0.378249032395265150E+01    0.433073802217132879E+02   -0.977831319988484005E+01    1
   -0.378248623428503272E+01    0.433074577393029898E+02   -0.978331319988483905E+01    1
   -0.375114290147140172E+01    0.433092204050820371E+02   -0.978831319988482917E+01    1
   -0.378235236919809514E+01    0.433099867635122564E+02   -0.979331319988482818E+01    1
   -0.375125840831768587E+01    0.433120293016814983E+02   -0.979831319988482718E+01    1
   -0.375127800240281939E+01    0.433125031797064111E+02   -0.980331319988483330E+01    1
   -0.378215812242256888E+01    0.433136277330036847E+02   -0.980831319988483941E+01    1
   -0.378214214825966044E+01    0.433139256308057270E+02   -0.981331319988483308E+01    1
   -0.375138382160818962E+01    0.433150493245190376E+02   -0.981831319988483209E+01    1
   -0.378207797270859469E+01    0.433151200851173996E+02   -0.982331319988483109E+01    1
   -0.378205508151029068E+01    0.433155452360687008E+02   -0.982831319988482477E+01    1
   -0.378201526125083420E+01    0.433162836676108114E+02   -0.983331319988482377E+01    1
   -0.378198658199369131E+01    0.433168146035059181E+02   -0.983831319988482811E+01    1
   -0.378193028494530648E+01    0.433178546410656224E+02   -0.984331319988484310E+01    1
   -0.375152257035342007E+01    0.433183544548514163E+02   -0.984831319988484566E+01    1
   -0.378183333819799117E+01    0.433196388534188443E+02   -0.985331319988483578E+01    1
   -0.375158725805030713E+01    0.433198824795666440E+02   -0.985831319988482946E+01    1
   -0.375169791042824485E+01    0.433224772904923654E+02   -0.986331319988483379E+01    1
   -0.375182433818968386E+01    0.433254127954093349E+02   -0.986831319988484168E+01    1
   -0.378147955206847453E+01    0.433260767071594728E+02   -0.987331319988483891E+01    1
   -0.378121673876915132E+01    0.433307842075243883E+02   -0.987831319988484502E+01    1
   -0.378111425307700744E+01    0.433326025044592456E+02   -0.988331319988483870E+01    1
   -0.375218116576889793E+01    0.433335304633638714E+02   -0.988831319988482349E+01    1
   -0.378085142114141437E+01    0.433372207179171411E+02   -0.989331319988482427E+01    1
   -0.375235926423505939E+01    0.433374900820834483E+02   -0.989831319988482683E+01    1
   -0.375262474115293365E+01    0.433432792982146964E+02   -0.990331319988482583E+01    1
   -0.378048748718591954E+01    0.433435079197679727E+02   -0.990831319988482839E+01    1
   -0.375269479305206310E+01    0.433447844317262749E+02   -0.991331319988482917E+01    1
   -0.378039949033194667E+01    0.433450092645641334E+02   -0.991831319988483351E+01    1
   -0.378032897710800153E+01    0.433462069893653990E+02   -0.992331319988483962E+01    1
   -0.375277117244481451E+01    0.433464148558719202E+02   -0.992831319988484040E+01    1
   -0.375280460549616901E+01    0.433471250358170082E+02   -0.993331319988484118E+01    1
   -0.378026919036429465E+01    0.433472187968268088E+02   -0.993831319988483841E+01    1
   -0.378025726812591767E+01    0.433474201554265406E+02   -0.994331319988483209E+01    1
   -0.378025074562128660E+01    0.433475302585967199E+02   -0.994831319988484175E+01    1
   -0.378022607247087006E+01    0.433479463854723264E+02   -0.995331319988484786E+01    1
   -0.375284651089197396E+01    0.433480121822182980E+02   -0.995831319988484509E+01    1
   -0.375303006983545551E+01    0.433518588934662432E+02   -0.996331319988484587E+01    1
   -0.375303383921175726E+01    0.433519372166971735E+02   -0.996831319988483422E+01    1
   -0.375305635728936871E+01    0.433524045562237461E+02   -0.997331319988483145E+01    1
   -0.375318873352454085E+01    0.433551325220979251E+02   -0.997831319988484289E+01    1
   -0.377971645067007600E+01    0.433564104996857864E+02   -0.998331319988484189E+01    1
   -0.377954561290688096E+01    0.433591916144110314E+02   -0.998831319988482669E+01    1
   -0.375340040979103406E+01    0.433594260857650937E+02   -0.999331319988482747E+01    1
   -0.377951983831697946E+01    0.433596087376026631E+02   -0.999831319988483180E+01    1
   -0.377941016363382953E+01    0.433613764023186548E+02   -0.100033131998848273E+02    1
   -0.377939693012014732E+01    0.433615888959021802E+02   -0.100083131998848227E+02    1
   -0.375356772115041526E+01    0.433627602848945273E+02   -0.100133131998848306E+02    1
   -0.375361776537876413E+01    0.433637474018836215E+02   -0.100183131998848349E+02    1
   -0.377916320700164476E+01    0.433653135205729825E+02   -0.100233131998848251E+02    1
   -0.377911795517165494E+01    0.433660284456329421E+02   -0.100283131998848258E+02    1
   -0.375376246898349297E+01    0.433665753913352958E+02   -0.100333131998848284E+02    1
   -0.375378041884716129E+01    0.433669234738356053E+02   -0.100383131998848274E+02    1
   -0.375385163751748552E+01    0.433682986412130518E+02   -0.100433131998848371E+02    1
   -0.375387503587760474E+01    0.433687483870724577E+02   -0.100483131998848503E+02    1
