    0.753090455034490910E-70    0.231438230031359609E+03   -0.357260473966598546E+01
    0.249017510317881229E-65    0.210615703361897459E+03   -0.357584245800971967E+01
    0.223350159220626224E-53    0.155561226041802541E+03   -0.358549874424934423E+01
    0.250065109897872956E-43    0.109273563056176926E+03   -0.359526738524436951E+01
    0.113303461253467219E-42    0.106241696083230835E+03   -0.359597608447074890E+01
    0.164858047317315905E-41    0.100876495762642065E+03   -0.359725450873374974E+01
    0.504641164978117676E-29    0.433669278748239719E+02   -0.361343722343444806E+01
    0.127036824698070609E-18   -0.454120295179760092E+01   -0.363257486820220965E+01
    0.292909364030901789E-14   -0.246426561371548019E+02   -0.364357457160949716E+01
    0.177925255404827628E-13   -0.282608269736707882E+02   -0.364585831165313756E+01
    0.516902447637197619E-13   -0.304038082112045771E+02   -0.364726568460464495E+01
    0.175554437944035080E-10   -0.420695087993855452E+02   -0.365578805208206159E+01
    0.414059328459097133E-10   -0.437956289723693004E+02   -0.365719663500785863E+01
    0.568011646693500799E-09   -0.490430644668337408E+02   -0.366177344918251046E+01
    0.175217232523835345E-06   -0.605163442439313002E+02   -0.367384795546531695E+01
    0.283016273266036143E-06   -0.614852999756857201E+02   -0.367504341006279001E+01
    0.286541627226252121E-05   -0.661252290069381417E+02   -0.368130226135253924E+01
    0.321289013377944509E-05   -0.663641435067951306E+02   -0.499389844536781347E+01
    0.319688307300687510E-05   -0.663641543271271104E+02   -0.499324938058853185E+01
    0.318128488241595241E-05   -0.663643720687755518E+02   -0.498085042834281921E+01
    0.316556578535796428E-05   -0.663644653417886587E+02   -0.497589022517204249E+01
    0.314990127463777968E-05   -0.663645439581793823E+02   -0.497185565233230609E+01
    0.313429451071207391E-05   -0.663646099608660620E+02   -0.496856521368026716E+01
    0.311894196714655596E-05   -0.663647893986872504E+02   -0.496003040075302160E+01
    0.310376216286538519E-05   -0.663650316894504471E+02   -0.494935185909271258E+01
    0.308846470220722176E-05   -0.663651499508695792E+02   -0.494445059895515460E+01
    0.307310541931980166E-05   -0.663651789114118458E+02   -0.494327882528305018E+01
    0.305802208124083829E-05   -0.663653383928403997E+02   -0.493701409697532689E+01
    0.304279782254868915E-05   -0.663653565933222325E+02   -0.493631853461265546E+01
    0.302769685005372481E-05   -0.663654061662426642E+02   -0.493444324731826800E+01
    0.301266104266275786E-05   -0.663654492473227720E+02   -0.493283588290214503E+01
    0.299903802593579329E-05   -0.663663848947061297E+02   -0.490219328403472865E+01
    0.298513963888201204E-05   -0.663670947881470283E+02   -0.488308087587356532E+01
    0.297028111682763999E-05   -0.663671149371880489E+02   -0.488257856369018572E+01
    0.295562019580306962E-05   -0.663672187542016871E+02   -0.488002171516418493E+01
    0.294138628122554498E-05   -0.663675637251449757E+02   -0.487188031673431432E+01
    0.292720069560415831E-05   -0.663678948809712494E+02   -0.486453110575675929E+01
    0.291265737523983075E-05   -0.663679334399545269E+02   -0.486370261907577550E+01
    0.289813451883778917E-05   -0.663679362575355611E+02   -0.486364229321479780E+01
    0.288378068068089382E-05   -0.663680060754769983E+02   -0.486215661764144880E+01
    0.286973263265983403E-05   -0.663682394684161778E+02   -0.485731378197669983E+01
    0.285550360169545710E-05   -0.663682981771375609E+02   -0.485612437725067103E+01
    0.284137117841576853E-05   -0.663683752261753455E+02   -0.485458027720451391E+01
    0.282720721779715714E-05   -0.663683804873849112E+02   -0.485447552800178528E+01
    0.281316373532465277E-05   -0.663684212051967535E+02   -0.485366778373718244E+01
    0.279917356121950387E-05   -0.663684501700693090E+02   -0.485309633016586339E+01
    0.278551250329202222E-05   -0.663686654946066454E+02   -0.484892762303352320E+01
    0.277246017641262457E-05   -0.663692718889694504E+02   -0.483787986636161804E+01
    0.275888636030225358E-05   -0.663694559475760570E+02   -0.483470990657806432E+01
    0.274609408497501495E-05   -0.663701608748832257E+02   -0.482325870990753192E+01
    0.273295047675384562E-05   -0.663705653088785965E+02   -0.481713105440139788E+01
    0.272143116704405035E-05   -0.663721175488290953E+02   -0.479604880809783918E+01
    0.270786192245324319E-05   -0.663721204662476936E+02   -0.479601233601570165E+01
    0.269448426694683046E-05   -0.663722153751032238E+02   -0.479483157396316528E+01
    0.268145597678299688E-05   -0.663725215800990895E+02   -0.479109603762626612E+01
    0.266844860332880714E-05   -0.663727962484488359E+02   -0.478783723115921056E+01
    0.265515975783788587E-05   -0.663728113869107830E+02   -0.478766005635261571E+01
    0.264261338002212212E-05   -0.663733384246339995E+02   -0.478164268136024440E+01
    0.262957585630614256E-05   -0.663734468598914020E+02   -0.478043962121009791E+01
    0.261668109967327432E-05   -0.663736152540756734E+02   -0.477859389185905492E+01
    0.260432569978830555E-05   -0.663741493227532544E+02   -0.477291340827941912E+01
    0.259231080002255050E-05   -0.663749010936918893E+02   -0.476532946228981036E+01
    0.257938546775210441E-05   -0.663749040957919334E+02   -0.476530007719993609E+01
    0.256684667533491359E-05   -0.663751580782156196E+02   -0.476283864378929156E+01
    0.255453492660996041E-05   -0.663755421008101791E+02   -0.475920630097389186E+01
    0.254187890883411813E-05   -0.663756088071644257E+02   -0.475858592987060547E+01
    0.252986453630063509E-05   -0.663761332529398231E+02   -0.475381258130073547E+01
    0.251800158996153064E-05   -0.663767328703766850E+02   -0.474856872558593768E+01
    0.250557517333840092E-05   -0.663768383728474589E+02   -0.474766833186149562E+01
    0.249386995505857394E-05   -0.663774731418128567E+02   -0.474238333702087367E+01
    0.248332720585399039E-05   -0.663790002888141970E+02   -0.473051279783248901E+01
    0.247126802296853029E-05   -0.663792645133236050E+02   -0.472856836915016210E+01
    0.245906244991669160E-05   -0.663793620550169408E+02   -0.472785811424255353E+01
    0.244698264155542540E-05   -0.663795131175956925E+02   -0.472676602602004969E+01
    0.243538117921694168E-05   -0.663800083083683461E+02   -0.472325139641761815E+01
    0.242374446553102319E-05   -0.663804290245359567E+02   -0.472034088969230670E+01
    0.241263540856435529E-05   -0.663812410973727083E+02   -0.471490724086761492E+01
    0.240547555541449858E-05   -0.663852969765554661E+02   -0.469082045555114746E+01
    0.239429460984164870E-05   -0.663859790588950460E+02   -0.468718863129615748E+01
    0.238252104049386610E-05   -0.663861201118049280E+02   -0.468645054697990382E+01
    0.237226241323224082E-05   -0.663874899453383449E+02   -0.467950028181076050E+01
    0.236140401154762904E-05   -0.663883144608362414E+02   -0.467549561262130720E+01
    0.235105853718601868E-05   -0.663895330724433990E+02   -0.466980199217796343E+01
    0.234054597273680450E-05   -0.663905701839297251E+02   -0.466515240669250453E+01
    0.232899079845405236E-05   -0.663906718163310785E+02   -0.466470592617988622E+01
    0.231921693699237553E-05   -0.663922609393455616E+02   -0.465792434896019891E+01
    0.230793172602659986E-05   -0.663925052697843228E+02   -0.465691351890563965E+01
    0.229718070861335149E-05   -0.663931669206361619E+02   -0.465421648621559125E+01
    0.228593110938987919E-05   -0.663933485943434505E+02   -0.465348600745201146E+01
    0.227522793717893895E-05   -0.663939622153574334E+02   -0.465104981064796430E+01
    0.226415800893858704E-05   -0.663942076359354587E+02   -0.465008857250213659E+01
    0.225369926126713416E-05   -0.663949477007677444E+02   -0.464723389744758641E+01
    0.224701037966421560E-05   -0.663990029613277670E+02   -0.463265267014503479E+01
    0.223644315052407911E-05   -0.663995751854968148E+02   -0.463072552680969274E+01
    0.222724361951041441E-05   -0.664013312880075972E+02   -0.462499024868011510E+01
    0.221685633960768899E-05   -0.664019819944149532E+02   -0.462293018102645892E+01
    0.220958329952474461E-05   -0.664054096272566881E+02   -0.461260598897933960E+01
    0.219882713612306392E-05   -0.664056499327787577E+02   -0.461191319227218610E+01
    0.218856023569400539E-05   -0.664062895382663356E+02   -0.461008772161820080E+01
    0.217833544113761119E-05   -0.664069237883164476E+02   -0.460830349326133693E+01
    0.216782044104683981E-05   -0.664072462517603981E+02   -0.460740603804588300E+01
    0.215860193552354418E-05   -0.664087232563874466E+02   -0.460337578654289281E+01
    0.214804456917569603E-05   -0.664089175874203903E+02   -0.460285507012576378E+01
    0.213738745388675856E-05   -0.664089702708365905E+02   -0.460271427631378138E+01
    0.213110232764785557E-05   -0.664130804773940753E+02   -0.459219199419021606E+01
    0.212267253085263576E-05   -0.664151535812974174E+02   -0.458720313147638237E+01
    0.211291500687913056E-05   -0.664159387640870165E+02   -0.458536445498466527E+01
    0.210538451798993953E-05   -0.664187979749187747E+02   -0.457888887360002350E+01
    0.209831954740303666E-05   -0.664220753539835869E+02   -0.457185716629028338E+01
    0.209474135504222906E-05   -0.664286619113338190E+02   -0.455882107615470922E+01
    0.208429637698625687E-05   -0.664286643947041426E+02   -0.455881640911102259E+01
    0.207478283885826230E-05   -0.664295147207241286E+02   -0.455722854885982809E+01
    0.206533250941251312E-05   -0.664303842061716665E+02   -0.455562553405761683E+01
    0.206553461056819853E-05   -0.664405799047017638E+02   -0.453822074532508868E+01
    0.205749896531559405E-05   -0.664427840376256427E+02   -0.453475728034973180E+01
    0.205140745001957121E-05   -0.664468539733768893E+02   -0.452860420459835211E+01
    0.204183383134319159E-05   -0.664474984182307651E+02   -0.452765715122222900E+01
    0.203236769534676813E-05   -0.664482046678177767E+02   -0.452662746310234088E+01
    0.202543077840537193E-05   -0.664513665522790546E+02   -0.452211898271762269E+01
    0.201575636009494935E-05   -0.664517907158128622E+02   -0.452152638435363752E+01
    0.200579792976145078E-05   -0.664518856393469406E+02   -0.452139415144920331E+01
    0.199684324043832539E-05   -0.664529368439071959E+02   -0.451993907094001734E+01
    0.198743448609115871E-05   -0.664534909443163855E+02   -0.451917886137962377E+01
    0.199922690964357558E-05   -0.664753228575640236E+02   -0.449240776079699611E+01
    0.199852345901067778E-05   -0.664846190110751110E+02   -0.448254930973052979E+01
    0.198995324933678552E-05   -0.664860240275860122E+02   -0.448112486413227806E+01
    0.198160221727322880E-05   -0.664876131725026056E+02   -0.447953311817665778E+01
    0.197275954386745309E-05   -0.664886684287697278E+02   -0.447848725318908691E+01
    0.196696954105810680E-05   -0.664927898448843280E+02   -0.447448455439100279E+01
    0.195880616736495624E-05   -0.664944721150233136E+02   -0.447288697361946141E+01
    0.195351739052233070E-05   -0.664990648116793892E+02   -0.446862693883716755E+01
    0.194552896905730749E-05   -0.665008695434975579E+02   -0.446699197842285844E+01
    0.193941403849001397E-05   -0.665045735071281143E+02   -0.446370215302973516E+01
    0.193340196825194437E-05   -0.665083639944045046E+02   -0.446042302770750432E+01
    0.192803525853768826E-05   -0.665128047035451289E+02   -0.445668801069259679E+01
    0.192630819053692481E-05   -0.665210123691159794E+02   -0.445006611284702824E+01
    0.191816264859186569E-05   -0.665225372842734828E+02   -0.444887365102767962E+01
    0.191626006603702800E-05   -0.665305525446111403E+02   -0.444278678894042933E+01
    0.191751579818700686E-05   -0.665418627226073056E+02   -0.443467392854080966E+01
    0.190972635342151016E-05   -0.665437216589250653E+02   -0.443338961005210841E+01
    0.190883239195964271E-05   -0.665527852202970109E+02   -0.442731052637100220E+01
    0.189986371855644380E-05   -0.665533660493049268E+02   -0.442693088050336137E+01
    0.189107789664375315E-05   -0.665540957006320468E+02   -0.442645559310913050E+01
    0.190257717940774484E-05   -0.665762204908436388E+02   -0.441284234523773211E+01
    0.189349321781882529E-05   -0.665766485093176072E+02   -0.441259310821638628E+01
    0.188684711494506208E-05   -0.665796162221306815E+02   -0.441087856744519602E+01
    0.188293077372683763E-05   -0.665854607066145547E+02   -0.440756945013999957E+01
    0.187688668827461165E-05   -0.665890305107662641E+02   -0.440559062361717224E+01
    0.187021916156528253E-05   -0.665919129816508359E+02   -0.440401540994644147E+01
    0.187192790017549571E-05   -0.666037394611566356E+02   -0.439775307528250270E+01
    0.186323256043801319E-05   -0.666044275662196554E+02   -0.439739821613570392E+01
    0.186241566750110292E-05   -0.666135505183610803E+02   -0.439278650283813477E+01
    0.185470139598929582E-05   -0.666152491574351160E+02   -0.439194635192089677E+01
    0.185028347205689252E-05   -0.666204794472380115E+02   -0.438939442634582555E+01
    0.184107642232036677E-05   -0.666205025616535664E+02   -0.438938326364462483E+01
    0.183471549752541452E-05   -0.666235805907877960E+02   -0.438790563941001910E+01
    0.183171129079502370E-05   -0.666303030592005996E+02   -0.438473809957504290E+01
    0.182646330636854709E-05   -0.666345646911842096E+02   -0.438277095829827701E+01
    0.182933139095607462E-05   -0.666477028161757801E+02   -0.437689470052719098E+01
    0.182143330799784595E-05   -0.666490491822865607E+02   -0.437630786299705488E+01
    0.181457208978774047E-05   -0.666515010896921893E+02   -0.437524619698524475E+01
    0.180806212594636581E-05   -0.666543129824075322E+02   -0.437403967976570129E+01
    0.180161302312735051E-05   -0.666571665114210674E+02   -0.437282711267471313E+01
    0.180211646120645260E-05   -0.666677253081726917E+02   -0.436844009160995483E+01
    0.180806054351303940E-05   -0.666843112319875786E+02   -0.436184602348986949E+01
    0.180604249049071257E-05   -0.666920777004993113E+02   -0.368213720595738181E+01
    0.180777841890505591E-05   -0.667039991333443680E+02   -0.435444577472792194E+01
    0.184057026676018828E-05   -0.667499526386369126E+02   -0.433870985689638378E+01
    0.183337214337835453E-05   -0.667521156811797169E+02   -0.433801587023637758E+01
    0.182489136765853721E-05   -0.667528426576405565E+02   -0.433778349161148036E+01
    0.182639873123555981E-05   -0.667644939793617027E+02   -0.433411694964956062E+01
    0.184047824289086463E-05   -0.667898526411833586E+02   -0.432649045586586034E+01
    0.183182818595664859E-05   -0.667904306900476570E+02   -0.432632192373275792E+01
    0.183074443174202863E-05   -0.667992470911303116E+02   -0.432377924919128453E+01
    0.183371131362941808E-05   -0.668124856430374336E+02   -0.432005581259727478E+01
    0.183451527890555330E-05   -0.668233623231101888E+02   -0.431707754731178284E+01
    0.183322823473642295E-05   -0.668319586870956499E+02   -0.431477287086617256E+01
    0.184222758257481076E-05   -0.668517527004315752E+02   -0.430962226804095216E+01
    0.184198097101843441E-05   -0.668614849505980260E+02   -0.430716556030124220E+01
    0.184087084338812705E-05   -0.668702792244706785E+02   -0.430498637252904803E+01
    0.184249607171729331E-05   -0.668820441623355038E+02   -0.430212917923927307E+01
    0.183560936630661061E-05   -0.668845547484790330E+02   -0.430152782201767003E+01
    0.183799712065045243E-05   -0.668971546509874457E+02   -0.429855266809463465E+01
    0.182914857006552286E-05   -0.668975029289082386E+02   -0.429847142696380580E+01
    0.182093399787651666E-05   -0.668985008464571251E+02   -0.429823893904685939E+01
    0.181472091416583954E-05   -0.669016651154437767E+02   -0.429750459191154377E+01
    0.181037958404344592E-05   -0.669068748127197779E+02   -0.429630485887222058E+01
    0.181229863425514063E-05   -0.669189937427219093E+02   -0.429355769905407580E+01
    0.180736038495265215E-05   -0.669235365962447446E+02   -0.429254324436187762E+01
    0.180501350506935341E-05   -0.669309378838357532E+02   -0.429090787920387662E+01
    0.182246140449742951E-05   -0.669601777511481799E+02   -0.428464816212654132E+01
    0.183372525549927567E-05   -0.669825008491571197E+02   -0.428007121165939264E+01
    0.183036761268309514E-05   -0.669888353921102464E+02   -0.427880229593567574E+01
    0.182232843579922220E-05   -0.669900318237239816E+02   -0.427856406569480896E+01
    0.181417721964194698E-05   -0.669910658211038310E+02   -0.427835854291915929E+01
    0.180566976612710422E-05   -0.669916649053058677E+02   -0.427823961973190325E+01
    0.180673910342357965E-05   -0.670028489765074653E+02   -0.427603994732937753E+01
    0.184831642880131078E-05   -0.670583521087923629E+02   -0.426566028556965282E+01
    0.185652631906295319E-05   -0.670772160787462184E+02   -0.426231931102719219E+01
    0.184936513814849249E-05   -0.670794865595083820E+02   -0.426192311644554156E+01
    0.188955679796897241E-05   -0.671324863425430607E+02   -0.425301286578178406E+01
    0.189024290166572047E-05   -0.671432124166832835E+02   -0.425128398537635821E+01
    0.191931504106805213E-05   -0.671837384821477741E+02   -0.424495823979377729E+01
    0.191721124668832350E-05   -0.671915450452386551E+02   -0.424377540349960292E+01
    0.191075861185664834E-05   -0.671948024206290597E+02   -0.424328511936002073E+01
    0.190603525789911651E-05   -0.671998523431243058E+02   -0.424252878427505475E+01
    0.191306296834615259E-05   -0.672172129481289602E+02   -0.423996277451515180E+01
    0.191737422171533672E-05   -0.672317150506052741E+02   -0.423785863028364229E+01
    0.191879985447306690E-05   -0.672432015658624493E+02   -0.423621661054025900E+01
    0.192674267246280981E-05   -0.672614634214827447E+02   -0.423364930152893049E+01
    0.192018684139397055E-05   -0.672646467253184568E+02   -0.423320708536100998E+01
    0.191817782360431294E-05   -0.672725531066569005E+02   -0.423211541495252064E+01
    0.192772259845855040E-05   -0.672924803469943100E+02   -0.422940517421896445E+01
    0.196682765931076159E-05   -0.673426455753755988E+02   -0.422282945495169848E+01
    0.200359718736921005E-05   -0.673896900536798142E+02   -0.421695915836112345E+01
    0.205428773574322403E-05   -0.674496601107697842E+02   -0.420985064834670553E+01
    0.205456365523363219E-05   -0.674599287206216047E+02   -0.420867251917754270E+01
    0.210600195361266574E-05   -0.675193844189616783E+02   -0.420205842852592504E+01
    0.210150375806221202E-05   -0.675251080637313237E+02   -0.420143954752258075E+01
    0.209652627196772611E-05   -0.675303653740493957E+02   -0.420087373865406377E+01
    0.209638338019517568E-05   -0.675402290565186547E+02   -0.419981893897056580E+01
    0.212647716419524666E-05   -0.675787351302024319E+02   -0.419578311676370230E+01
    0.216004466912972967E-05   -0.676200595395260677E+02   -0.419159000427734885E+01
    0.219595445246730699E-05   -0.676630353008504244E+02   -0.418737126302417284E+01
    0.218976288979712591E-05   -0.676673882731918894E+02   -0.418695165221331234E+01
    0.217894231424983870E-05   -0.676674809004861970E+02   -0.418694273829460162E+01
    0.217955328529086911E-05   -0.676780416178539923E+02   -0.418593050733150562E+01
    0.220132028922963170E-05   -0.677079163599070739E+02   -0.418310988545417750E+01
    0.225557277584043252E-05   -0.677666096228391410E+02   -0.417774385924399994E+01
    0.234560177115512075E-05   -0.678548857118697413E+02   -0.417007569670677203E+01
    0.236837317269819924E-05   -0.678842083251116009E+02   -0.416762710242243628E+01
    0.236425228074864761E-05   -0.678907253594456677E+02   -0.416708920373326919E+01
    0.237552785045395796E-05   -0.679102410674859271E+02   -0.416549182081692582E+01
    0.237603640551514598E-05   -0.679206691833953329E+02   -0.416464636921882647E+01
    0.238442100417407665E-05   -0.679377143949013202E+02   -0.368403542041778564E+01
    0.242337207583056746E-05   -0.679801217163060159E+02   -0.415993006229400653E+01
    0.247755544020464606E-05   -0.680343464651578813E+02   -0.415577466487884539E+01
    0.250058878687243929E-05   -0.680628541740440482E+02   -0.415364280660614149E+01
    0.257534459062117659E-05   -0.681317684297819710E+02   -0.414863074210361127E+01
    0.258705044940243627E-05   -0.681508385445276303E+02   -0.414727759011264574E+01
    0.264274742505360077E-05   -0.682034398709015193E+02   -0.414361718893051112E+01
    0.266421489650809830E-05   -0.682296205688205646E+02   -0.414183334112167323E+01
    0.266738226283202553E-05   -0.682419968674056747E+02   -0.414099857528910231E+01
    0.266932864815204300E-05   -0.682534557325672324E+02   -0.414023047089576757E+01
    0.270229835616585362E-05   -0.682880070441218976E+02   -0.413794170988770293E+01
    0.274873457251459929E-05   -0.683320830369067522E+02   -0.413507961034774763E+01
    0.273535281591060080E-05   -0.683323225920304083E+02   -0.413506422638893145E+01
    0.272670482615989908E-05   -0.683359894498018576E+02   -0.413482897281646711E+01
    0.272123237727142696E-05   -0.683419714514111121E+02   -0.413444610238075239E+01
    0.287505178845682375E-05   -0.684619431111829897E+02   -0.412699700760647925E+01
    0.299623167565467264E-05   -0.685545125182321442E+02   -0.412152784200811340E+01
    0.298753323056366806E-05   -0.685586978170502590E+02   -0.412128591592165616E+01
    0.313498620683986683E-05   -0.686650512849425070E+02   -0.411528425122754360E+01
    0.326783049190161283E-05   -0.687580543494350138E+02   -0.411025283932685870E+01
    0.330621561358794758E-05   -0.687914101685428960E+02   -0.410849440097808838E+01
    0.334484829593761984E-05   -0.688246444163897166E+02   -0.410676551253165645E+01
    0.335663784741411689E-05   -0.688416814009552240E+02   -0.410588797877427858E+01
    0.342839453504315320E-05   -0.688939859082880304E+02   -0.410322994879842540E+01
    0.341194263522697272E-05   -0.688943653699258789E+02   -0.410321086019277281E+01
    0.352220019236595019E-05   -0.689679734342445130E+02   -0.409955943226814234E+01
    0.362320343511122068E-05   -0.690345188589504204E+02   -0.409634321615152164E+01
    0.360637956739740583E-05   -0.690352104946494762E+02   -0.409631019668040963E+01
    0.364995786030633182E-05   -0.690692329810686658E+02   -0.409469602704048175E+01
    0.374746069401441232E-05   -0.691319586609583752E+02   -0.409177073107538369E+01
    0.380343234932688845E-05   -0.691716095539973992E+02   -0.408995434102728428E+01
    0.379258400959570750E-05   -0.691758969032635349E+02   -0.408975942185916796E+01
    0.381862288236315855E-05   -0.691995814475019415E+02   -0.408868776237545184E+01
    0.386677980036102108E-05   -0.692346458717167508E+02   -0.408711690969347163E+01
    0.386454478292237996E-05   -0.692434895278189799E+02   -0.408672363772140823E+01
    0.397273290963264800E-05   -0.693087102326619515E+02   -0.408385867157469384E+01
    0.412709980191336184E-05   -0.693949516025689945E+02   -0.408016250729560870E+01
    0.432994159572137142E-05   -0.695009098435310335E+02   -0.407575699090957677E+01
    0.461700768359160003E-05   -0.696392953516946420E+02   -0.407021293990164601E+01
    0.481750905725331216E-05   -0.697343157390121746E+02   -0.406653428725143584E+01
    0.481582626466272715E-05   -0.697436170017414412E+02   -0.406617952585220355E+01
    0.496822961347938411E-05   -0.698159288603710024E+02   -0.406345276236534136E+01
    0.511185460654741029E-05   -0.698829262864003482E+02   -0.368719427310338421E+01
    0.514955427899543582E-05   -0.699076220625808276E+02   -0.406007226027435131E+01
    0.519648863724339185E-05   -0.699357680071096155E+02   -0.405905125067800299E+01
    0.520261797024958729E-05   -0.699481256456827651E+02   -0.405860538138323790E+01
    0.539338413070922125E-05   -0.700301478191906170E+02   -0.405568242452417760E+01
    0.543558965597921705E-05   -0.700557377503538135E+02   -0.405478317477100791E+01
    0.580208860281497513E-05   -0.701962376495845035E+02   -0.404994858503341693E+01
    0.580277886049207333E-05   -0.702064755696400908E+02   -0.404960287809371966E+01
    0.589634603181276834E-05   -0.702484674210842712E+02   -0.404819396158963496E+01
    0.589315507322562643E-05   -0.702573847769124171E+02   -0.404789661549585933E+01
    0.590323447501067207E-05   -0.702708025698555474E+02   -0.404745041175235531E+01
    0.609463382612990155E-05   -0.703446191030185588E+02   -0.404502119728623022E+01
    0.608934710073685985E-05   -0.703528834713701912E+02   -0.404475187221050714E+01
    0.617818395720851211E-05   -0.703918504767122073E+02   -0.404348901915413617E+01
    0.628106281001375949E-05   -0.704348801431051328E+02   -0.404210777878761274E+01
    0.625081833280315193E-05   -0.704352265131078781E+02   -0.404209671616554278E+01
    0.638636918361834007E-05   -0.704881335443050290E+02   -0.404041722291894967E+01
    0.657485140232711230E-05   -0.705563056910600892E+02   -0.403828270435333270E+01
    0.654775812264931231E-05   -0.705580471756716889E+02   -0.403822860449337107E+01
    0.661215030202394511E-05   -0.705876195590642368E+02   -0.403731312523595065E+01
    0.661731950972274747E-05   -0.705991824963656995E+02   -0.403695679985325029E+01
    0.673327413005962555E-05   -0.706439247825262413E+02   -0.403558653593063354E+01
    0.713486869430621111E-05   -0.707697894316942353E+02   -0.403180242776870745E+01
    0.719750107719501886E-05   -0.707972695225894029E+02   -0.403098967075347936E+01
    0.764099721523496349E-05   -0.709268579766863070E+02   -0.402721904516220075E+01
    0.787157247600919353E-05   -0.709963174339064409E+02   -0.402523876440394801E+01
    0.806896357278878053E-05   -0.710558518250403353E+02   -0.368923007722998308E+01
    0.819605675304552665E-05   -0.710971080459234628E+02   -0.402241364480671137E+01
    0.830915725983261059E-05   -0.711345181181540340E+02   -0.402137920648677571E+01
    0.836917682691707904E-05   -0.711589127995089257E+02   -0.402070869207382220E+01
    0.846969667524224326E-05   -0.711927911289822646E+02   -0.401978271603584325E+01
    0.901727356523646002E-05   -0.713280857820327867E+02   -0.401614353776426292E+01
    0.964477847616440044E-05   -0.714726350929676073E+02   -0.401235485672950709E+01
    0.100287469801800859E-04   -0.715607130701950780E+02   -0.401009420902392222E+01
    0.103423943052980737E-04   -0.716323045359509081E+02   -0.400828237224416117E+01
    0.104278724931874363E-04   -0.716587662735479682E+02   -0.400761836243011960E+01
    0.107925094622865456E-04   -0.717375063866434743E+02   -0.369046447544431189E+01
    0.108548842147412273E-04   -0.717590320097290686E+02   -0.400512950276913759E+01
    0.108934477467608176E-04   -0.717761247049305808E+02   -0.400470942157038667E+01
    0.117415558282570912E-04   -0.719360703948984650E+02   -0.400083579810669665E+01
    0.117003176608824192E-04   -0.719390337201321017E+02   -0.400076498639876377E+01
    0.116947123764607046E-04   -0.719480753482864515E+02   -0.400054913759231567E+01
    0.116725198154773624E-04   -0.719542764272206483E+02   -0.369086550632348631E+01
    0.118300285958632688E-04   -0.719910839266964899E+02   -0.399952670931816101E+01
    0.125829806831817792E-04   -0.721244920591694978E+02   -0.399639950421662205E+01
    0.130491408256049072E-04   -0.722072463252221866E+02   -0.369133890416765542E+01
    0.136361520649317504E-04   -0.723052507481346538E+02   -0.399226467712510447E+01
    0.146755499529771646E-04   -0.724621674172822168E+02   -0.398876553715223370E+01
    0.152276749443229572E-04   -0.725460307210001503E+02   -0.398692821160724531E+01
    0.157930524780117460E-04   -0.726289419897516666E+02   -0.398513337373733556E+01
    0.162940684955796206E-04   -0.727014040274758599E+02   -0.398358188365553989E+01
    0.162816091156525078E-04   -0.727098741276919327E+02   -0.398340155482292158E+01
    0.169405059120423145E-04   -0.727992168436873186E+02   -0.369247032403945941E+01
    0.178065456115564253E-04   -0.729089339776320600E+02   -0.397922347701862655E+01
    0.177291865299005605E-04   -0.729102262123268190E+02   -0.397919672131538427E+01
    0.178194522774884405E-04   -0.729303831066121546E+02   -0.397877997159957886E+01
    0.182439292964375157E-04   -0.729874665030562966E+02   -0.369283733693831007E+01
    0.199813722901990696E-04   -0.731794026443662062E+02   -0.397372160371169336E+01
    0.201596183345376532E-04   -0.732071647586670622E+02   -0.397316768850959168E+01
    0.201494643235779046E-04   -0.732161571434592702E+02   -0.397298868894577062E+01
    0.203869172795397846E-04   -0.732495885068494204E+02   -0.397232499677144801E+01
    0.204059032077854376E-04   -0.732614502000973857E+02   -0.369337797760963449E+01
    0.210544595801596802E-04   -0.733340265247155116E+02   -0.397066104412078857E+01
    0.221602710953671914E-04   -0.734464039269556963E+02   -0.396847330646450747E+01
    0.230905087813864950E-04   -0.735386450519177401E+02   -0.369393300485567799E+01
    0.241428688893933170E-04   -0.736377798410773892E+02   -0.369413352012634277E+01
    0.257953120001998418E-04   -0.737801872762533151E+02   -0.369442346095053864E+01
    0.257199051830692118E-04   -0.737843321619697861E+02   -0.396206936240196228E+01
    0.260801977456662070E-04   -0.738221543748606308E+02   -0.369450933817423710E+01
    0.265288384004408090E-04   -0.738662665018816256E+02   -0.396055414153380658E+01
    0.264353841649264160E-04   -0.738692085802904614E+02   -0.369460586148498393E+01
    0.266210408177721814E-04   -0.738932055588412311E+02   -0.396005901334269428E+01
    0.288015379800502388E-04   -0.740606593118585579E+02   -0.395701434882513770E+01
    0.300795154131116835E-04   -0.741574905142871188E+02   -0.395527903676670833E+01
    0.299634798846962719E-04   -0.741597603421134295E+02   -0.395523857588757055E+01
    0.299620046457991724E-04   -0.741696618705593806E+02   -0.395506219083635102E+01
    0.304278376502593279E-04   -0.742105175394225540E+02   -0.395433635883030732E+01
    0.310523214055934648E-04   -0.742611488743562802E+02   -0.395344120860099801E+01
    0.311700659227695368E-04   -0.742787181536960475E+02   -0.395313170272580949E+01
    0.311510685020322805E-04   -0.742874988292084026E+02   -0.369547512906582876E+01
    0.333479053574876872E-04   -0.744337916612916928E+02   -0.395042428202467022E+01
    0.334538179449812433E-04   -0.744501335741048820E+02   -0.395014147862054799E+01
    0.332944886977567107E-04   -0.744505854936905394E+02   -0.395013366466116000E+01
    0.344622170034282574E-04   -0.745295288654387491E+02   -0.394877416491508493E+01
    0.343699606690479217E-04   -0.745341676292992474E+02   -0.394869461612512751E+01
    0.342954666738407889E-04   -0.745398280932435569E+02   -0.394859759666019450E+01
    0.349565354178882909E-04   -0.745880126253712490E+02   -0.394777394174012164E+01
    0.351577730740439579E-04   -0.746094932040471122E+02   -0.394740802982342842E+01
    0.355860328816313111E-04   -0.746437081884341183E+02   -0.394682679772377032E+01
    0.358746763451466729E-04   -0.746698650408582978E+02   -0.394638377428054810E+01
    0.357035146269080235E-04   -0.746703000020018806E+02   -0.394637641687845475E+01
    0.361489722156847282E-04   -0.747050987704546827E+02   -0.369636385811787127E+01
    0.364495684307079154E-04   -0.747316609729545007E+02   -0.394534161860459198E+01
    0.376092300677141459E-04   -0.748043007378457503E+02   -0.394412454564889536E+01
    0.377635450885642420E-04   -0.748224901795184820E+02   -0.394382111127435397E+01
    0.393350481273355674E-04   -0.749140335988661548E+02   -0.394230193893655168E+01
    0.394335867833288967E-04   -0.749290375554541299E+02   -0.394205419729798523E+01
    0.399377652314553917E-04   -0.749644464828140826E+02   -0.394147091273911876E+01
    0.398310030593028571E-04   -0.749690928970341872E+02   -0.394139451630975124E+01
    0.414210515781808627E-04   -0.750573802238952510E+02   -0.393994913101196298E+01
    0.447857375223244746E-04   -0.752235811959708656E+02   -0.393725962157435827E+01
    0.467670044958863373E-04   -0.753201575805210268E+02   -0.393571508526802072E+01
    0.489917361590808977E-04   -0.754231050044022027E+02   -0.393408299727981703E+01
    0.522887965283685906E-04   -0.755633660014656385E+02   -0.393188248192611844E+01
    0.598183381299817121E-04   -0.758424262795337256E+02   -0.392758025527000409E+01
    0.634972624038607306E-04   -0.759717953226944473E+02   -0.392561848692183446E+01
    0.649217949735136647E-04   -0.760261685187979595E+02   -0.392479990720748884E+01
    0.655701379275187282E-04   -0.760560424918341056E+02   -0.392435162939219140E+01
    0.665656209678051680E-04   -0.760961782214238127E+02   -0.392375099148905004E+01
    0.681745861888167538E-04   -0.761539454540073706E+02   -0.369962676612368435E+01
    0.754193043124417591E-04   -0.763659282714741749E+02   -0.370012992891336445E+01
    0.871504151294145855E-04   -0.766650728069451048E+02   -0.391542723358206679E+01
    0.874292317222970369E-04   -0.766814611078716837E+02   -0.391519243389765137E+01
    0.897851988651968879E-04   -0.767446420130479794E+02   -0.391428969559014295E+01
    0.906315278094452860E-04   -0.767734060194192693E+02   -0.391387999961494915E+01
    0.104112796244624849E-03   -0.770607515176271107E+02   -0.390983009073700316E+01
    0.109858333351612404E-03   -0.771781850505408613E+02   -0.390819657092694994E+01
    0.113478174258832841E-03   -0.772530227785581758E+02   -0.370231653176377096E+01
    0.113027361457801665E-03   -0.772550615886496104E+02   -0.390713372137371984E+01
    0.121064572944088920E-03   -0.774024498641472007E+02   -0.390511001628507071E+01
    0.123032341376824646E-03   -0.774446962539227570E+02   -0.370280738822843336E+01
    0.126194260651292615E-03   -0.775054466780042759E+02   -0.370296441584775060E+01
    0.130440292542219457E-03   -0.775816329235614148E+02   -0.370316234827041635E+01
    0.129825790576635567E-03   -0.775821886947923787E+02   -0.390266616367927899E+01
    0.131004257167918276E-03   -0.776102613765325628E+02   -0.390228677988052386E+01
    0.136826486715462659E-03   -0.777072289418329376E+02   -0.390098100320098018E+01
    0.138814712620996951E-03   -0.777460818185874558E+02   -0.390045981131860131E+01
    0.139655351837152895E-03   -0.777681569660025787E+02   -0.390016418823161004E+01
    0.142633762916924244E-03   -0.778203622293638091E+02   -0.370378997921943665E+01
    0.150829975172559377E-03   -0.779421081566056557E+02   -0.389784719983804262E+01
    0.157732944312463972E-03   -0.780416084904824885E+02   -0.389653159445885278E+01
    0.160021799759014702E-03   -0.780804218451496581E+02   -0.370448691313661760E+01
    0.164558221168911560E-03   -0.781463306075885953E+02   -0.389515431961226222E+01
    0.164937603343978602E-03   -0.781609362179119529E+02   -0.389496281954742729E+01
    0.169385814357353773E-03   -0.782241598126563673E+02   -0.370487826466560399E+01
    0.179357866066561346E-03   -0.783485678597865274E+02   -0.389251515435740369E+01
    0.182951589440076112E-03   -0.783982448947884762E+02   -0.389187088964964722E+01
    0.183880546395404597E-03   -0.784183744210798181E+02   -0.389161026728636283E+01
    0.184096869974215599E-03   -0.784307259089060551E+02   -0.389145047353234519E+01
    0.183447784579148984E-03   -0.784336618848555531E+02   -0.389141250405753514E+01
    0.189391597252782919E-03   -0.785074353656206370E+02   -0.370566289436465368E+01
    0.189074031978316004E-03   -0.785140790201618444E+02   -0.389037455977264557E+01
    0.194812647565979373E-03   -0.785838783662647273E+02   -0.388947681632757281E+01
    0.198576586755872355E-03   -0.786321514426572037E+02   -0.388885762095451337E+01
    0.199227562733588333E-03   -0.786486971416865686E+02   -0.388864570260047948E+01
    0.221491931828110696E-03   -0.788705740635893449E+02   -0.370669599175453168E+01
    0.221650622940901764E-03   -0.788820064795725386E+02   -0.370672903466832793E+01
    0.221341940473051928E-03   -0.788892192317195793E+02   -0.388558251723871928E+01
    0.220335244601678536E-03   -0.788901021874287665E+02   -0.388557133078575134E+01
    0.219475755526760900E-03   -0.788922852827237904E+02   -0.388554367423057556E+01
    0.224220376291482936E-03   -0.789450605181532126E+02   -0.388487586133072593E+01
    0.228470123603616803E-03   -0.789926126396405692E+02   -0.388427539431967261E+01
    0.229437617596805815E-03   -0.790110640838580451E+02   -0.388404271338900742E+01
    0.233195097191907442E-03   -0.790535525966700732E+02   -0.388350757736886454E+01
    0.241116306255079199E-03   -0.791303605675486921E+02   -0.370745499134063738E+01
    0.248532851264577259E-03   -0.792009518063504032E+02   -0.388165810752923512E+01
    0.252114300606272464E-03   -0.792395668532809196E+02   -0.388117534018528776E+01
    0.259288722826821769E-03   -0.793056861377865943E+02   -0.370797713702944343E+01
    0.267748494794531192E-03   -0.793798979115155134E+02   -0.387942679556485182E+01
    0.274438647834031758E-03   -0.794392571978767279E+02   -0.387868986663435855E+01
    0.296610349260860841E-03   -0.796046403804266305E+02   -0.387664475074687953E+01
    0.320615865209697025E-03   -0.797702891861465275E+02   -0.370940192220395648E+01
    0.321295149263351116E-03   -0.797845220738328322E+02   -0.370944655770962761E+01
    0.329751592498416088E-03   -0.798464809782506393E+02   -0.387367425511413765E+01
    0.328335969011011480E-03   -0.798478764960891993E+02   -0.370964598362710607E+01
    0.330626925281102973E-03   -0.798717829877603975E+02   -0.370972155302870021E+01
    0.331717700842226791E-03   -0.798883703533353184E+02   -0.387316200733184823E+01
    0.332721057869002248E-03   -0.799044106860298911E+02   -0.370982497333276040E+01
    0.332428805228442527E-03   -0.799126531713669124E+02   -0.387286535629322204E+01
    0.333064703245529187E-03   -0.799264752865492198E+02   -0.387269659343088701E+01
    0.332500481277704055E-03   -0.799330843513494642E+02   -0.387261592340509964E+01
    0.331384397537469141E-03   -0.799363597831161030E+02   -0.387257594937097416E+01
    0.335984964726111876E-03   -0.799739345585023358E+02   -0.387211765103352423E+01
    0.353017726963790338E-03   -0.800828382836565709E+02   -0.371039641477792248E+01
    0.351707884813717018E-03   -0.800854036530059261E+02   -0.387076093693088197E+01
    0.351129768224398258E-03   -0.800921134666181871E+02   -0.387067940388861453E+01
    0.367386276806374787E-03   -0.801926293760484299E+02   -0.386945975171098366E+01
    0.376912053615583679E-03   -0.802538254976559671E+02   -0.386871876036585061E+01
    0.390993467684763870E-03   -0.803371834425707192E+02   -0.386771123549584939E+01
    0.391883500640346659E-03   -0.803517309430084339E+02   -0.386753561151167258E+01
    0.398853860230921988E-03   -0.803969919056822988E+02   -0.386698958438186224E+01
    0.404659861914614743E-03   -0.804358954704821656E+02   -0.386652070742387100E+01
    0.405311463108277146E-03   -0.804491133687662199E+02   -0.371160204206538324E+01
    0.424334156765926798E-03   -0.805508442370959443E+02   -0.386513766551440874E+01
    0.424198966297100204E-03   -0.805602069468532989E+02   -0.371197683811187762E+01
    0.435833197966011855E-03   -0.806243209296096239E+02   -0.386425535856031033E+01
    0.435725771870436904E-03   -0.806338278999933493E+02   -0.386414129419286656E+01
    0.444710459005841110E-03   -0.806846485692155824E+02   -0.386353190698490412E+01
    0.444613227341509828E-03   -0.806942112406423604E+02   -0.386341730782438297E+01
    0.472178745828700955E-03   -0.808245169616300387E+02   -0.386185770799471273E+01
    0.471588005582817735E-03   -0.808320132060266587E+02   -0.386176809509144014E+01
    0.478522563501251842E-03   -0.808712084651239422E+02   -0.371305015420176820E+01
    0.481795906172831356E-03   -0.808948429226594783E+02   -0.371313322782516497E+01
    0.486199580899097906E-03   -0.809230401360339471E+02   -0.386068080036669858E+01
    0.493670458995716091E-03   -0.809635381513225525E+02   -0.386019755850965751E+01
    0.492296713301695302E-03   -0.809679649573195093E+02   -0.371339164376258868E+01
    0.495951374451457806E-03   -0.809927575093343108E+02   -0.371347974590314811E+01
    0.522983934537152068E-03   -0.811089032276381090E+02   -0.385846528309904535E+01
    0.528419812241019585E-03   -0.811395838697039977E+02   -0.385810009176370805E+01
    0.539091180433759194E-03   -0.811895711813110523E+02   -0.385750537913213964E+01
    0.559945719930735638E-03   -0.812754814369286294E+02   -0.385648404648915255E+01
    0.576166531586289879E-03   -0.813425952087499127E+02   -0.385568677865345277E+01
    0.605927114639596672E-03   -0.814533211481842443E+02   -0.385437241609218306E+01
    0.630552230699462507E-03   -0.815429937204561526E+02   -0.385330870702455552E+01
    0.631862245443782990E-03   -0.815571445448939158E+02   -0.385314089773610391E+01
    0.652102904601008140E-03   -0.816302064934874352E+02   -0.371583510041236886E+01
    0.661283691581702744E-03   -0.816681676027099144E+02   -0.385182468468132155E+01
    0.660141926469651696E-03   -0.816747114402726453E+02   -0.385174712220755522E+01
    0.662724710385487149E-03   -0.816925211079312703E+02   -0.371607531876638930E+01
    0.671687162766246358E-03   -0.817293871373199181E+02   -0.385109911714974995E+01
    0.688578884194005468E-03   -0.817890615074529705E+02   -0.371645125998703207E+01
    0.686322160026156232E-03   -0.817924960132919097E+02   -0.371646472055345889E+01
    0.704086060895292533E-03   -0.818536029248093797E+02   -0.371670521749362681E+01
    0.705980249763650015E-03   -0.818689762607820910E+02   -0.384944496089287114E+01
    0.715671821075369884E-03   -0.819062451591214113E+02   -0.384900331579722010E+01
    0.719400125631758066E-03   -0.819266371480474618E+02   -0.371699519076086027E+01
    0.744187755980487082E-03   -0.820043884626251725E+02   -0.384784015191486306E+01
    0.765238289121428846E-03   -0.820701762849992917E+02   -0.384706025436211307E+01
    0.773121513048040778E-03   -0.821006742021201319E+02   -0.384669863208997942E+01
    0.776686065267846748E-03   -0.821198742048951402E+02   -0.384647094271757028E+01
    0.781310800427847821E-03   -0.821417477813964609E+02   -0.384621151740435829E+01
    0.799418091994148500E-03   -0.821975698922318543E+02   -0.371809605906467322E+01
    0.797814017111008996E-03   -0.822035527543010716E+02   -0.384547829946469211E+01
    0.796283889039726446E-03   -0.822097132698244764E+02   -0.384540519714355478E+01
    0.813962327911877878E-03   -0.822636299057063525E+02   -0.384476525522550139E+01
    0.810135714272431696E-03   -0.822642053004888396E+02   -0.371837316412992003E+01
    0.821961476695763768E-03   -0.823031887935049582E+02   -0.384429553664774382E+01
    0.824511646621235825E-03   -0.823193842714113799E+02   -0.384410318228901104E+01
    0.823597861214665902E-03   -0.823271664928090274E+02   -0.371863739621404843E+01
    0.823387563104075707E-03   -0.823366557460625472E+02   -0.384389801392800434E+01
    0.857174297683050996E-03   -0.824270842944810198E+02   -0.384282317791146966E+01
    0.874100512699226223E-03   -0.824761924805193587E+02   -0.384223898283239240E+01
    0.916384095772628123E-03   -0.825806729268837785E+02   -0.371972602103229333E+01
    0.932375720442256135E-03   -0.826252734701979392E+02   -0.371992182135173532E+01
    0.986611300990697512E-03   -0.827483540226858167E+02   -0.383899331349291728E+01
    0.991386321886709478E-03   -0.827680103137079186E+02   -0.383875827894991062E+01
    0.988863896006057742E-03   -0.827729151449820222E+02   -0.372057960426655221E+01
    0.989775168492153419E-03   -0.827847573658638112E+02   -0.383855795486254303E+01
    0.101849444311035873E-02   -0.828519632956512453E+02   -0.383775331974029577E+01
    0.106646400546039476E-02   -0.829540093106312924E+02   -0.383652912918743105E+01
    0.109575726422984497E-02   -0.830182036737284221E+02   -0.383575738285603052E+01
    0.113333675083221192E-02   -0.830956446109998268E+02   -0.383482453988930150E+01
    0.113541908819562347E-02   -0.831093159411840787E+02   -0.383465963538180787E+01
    0.114682654193434233E-02   -0.831393094924281684E+02   -0.383429760823080512E+01
    0.118862049009002026E-02   -0.832208990595122913E+02   -0.372267368855669112E+01
    0.118592113218938850E-02   -0.832263518929550088E+02   -0.383324501619967339E+01
    0.120348985535107412E-02   -0.832657633920541116E+02   -0.383276739988574100E+01
    0.128428764764880270E-02   -0.834057207038737403E+02   -0.372358538521456639E+01
    0.142661312807207809E-02   -0.836259186805588399E+02   -0.382836835905033723E+01
    0.142679762073158207E-02   -0.836361773081116269E+02   -0.382824202771083133E+01
    0.144904015464819959E-02   -0.836771150440747533E+02   -0.372498158318630068E+01
    0.144721920749900628E-02   -0.836846001486024278E+02   -0.382764484882354772E+01
    0.144198827235326814E-02   -0.836873581060730487E+02   -0.382761079213825717E+01
    0.143917067240112093E-02   -0.836934463456955342E+02   -0.382753559436475843E+01
    0.146770903712074049E-02   -0.837427177081228962E+02   -0.372533017840861191E+01
    0.149911552451256346E-02   -0.837950628619627054E+02   -0.382627692141609677E+01
    0.149671535790145242E-02   -0.838018581855722857E+02   -0.372564837681160377E+01
    0.151063125136216667E-02   -0.838303675156787875E+02   -0.372580313674430741E+01
    0.150684253736999745E-02   -0.838353451476340013E+02   -0.382577601709975923E+01
    0.153785025330878205E-02   -0.838860832977896536E+02   -0.372610821649132262E+01
    0.157650775735913525E-02   -0.839457365354444676E+02   -0.382439722947002858E+01
    0.162554743165200838E-02   -0.840170015743538556E+02   -0.372683929606586473E+01
    0.163317031308281096E-02   -0.840363585005217999E+02   -0.382325822761228107E+01
    0.164921050989862194E-02   -0.840659056833318061E+02   -0.382288537504360848E+01
    0.164454534996261539E-02   -0.840702402202506534E+02   -0.382283061455003459E+01
    0.167640232178849994E-02   -0.841186123383257325E+02   -0.372742117214873225E+01
    0.170477119430400594E-02   -0.841621741039027853E+02   -0.382166520430696188E+01
    0.171476386632436555E-02   -0.841838630619479460E+02   -0.382138912209837578E+01
    0.174973025413029766E-02   -0.842342355653356947E+02   -0.372809965177871394E+01
    0.174546168184519946E-02   -0.842393504837888401E+02   -0.382068073841611255E+01
    0.179538613079341684E-02   -0.843057525211296479E+02   -0.372852851423045850E+01
    0.180753923940474379E-02   -0.843292450622793126E+02   -0.381952645678673131E+01
    0.182332842158347899E-02   -0.843566395620850358E+02   -0.381917298860516086E+01
    0.181801510085655301E-02   -0.843608028982656037E+02   -0.381911919713020342E+01
    0.182846557347158579E-02   -0.843822665555942706E+02   -0.381884157294739168E+01
    0.183206736302127596E-02   -0.843962023657886391E+02   -0.381866103954112646E+01
    0.183249005594431145E-02   -0.844066637507544897E+02   -0.381852536982462709E+01
    0.182830315128346501E-02   -0.844120888881502083E+02   -0.381845496348595770E+01
    0.182930763245314808E-02   -0.844231873989041901E+02   -0.381831082248270182E+01
    0.184122720550705427E-02   -0.844461769118544368E+02   -0.372939238993547839E+01
    0.183813410990065450E-02   -0.844528142670148441E+02   -0.381792533425788516E+01
    0.183853894586004244E-02   -0.844632547042850632E+02   -0.372949951291084325E+01
    0.184707765499874505E-02   -0.844825217825955690E+02   -0.381753773604422397E+01
    0.184209746627029582E-02   -0.844871219936563165E+02   -0.381747761973252331E+01
    0.184025735303568628E-02   -0.844951231494622590E+02   -0.372970065542968054E+01
    0.184542504654000247E-02   -0.845107315511967983E+02   -0.381716867132834414E+01
    0.185315606797354878E-02   -0.845290926307066997E+02   -0.381692791670747411E+01
    0.189855858341790042E-02   -0.845875022101262175E+02   -0.381615912422081616E+01
    0.189187247810958812E-02   -0.845904464297842082E+02   -0.381612025206563565E+01
    0.191440521520135857E-02   -0.846241262578297437E+02   -0.381567473911036537E+01
    0.190734249660691967E-02   -0.846267341145829164E+02   -0.381564017730253280E+01
    0.190416298133031675E-02   -0.846333973585084465E+02   -0.373059290449916059E+01
    0.189598727461773829E-02   -0.846347916784421415E+02   -0.381553333063942457E+01
    0.188841067125042382E-02   -0.846367834154648193E+02   -0.381550690531730652E+01
    0.188865566946662010E-02   -0.846470428742028247E+02   -0.381537069940384344E+01
    0.190836366634444116E-02   -0.846778046055675873E+02   -0.381496139989948269E+01
    0.190941434984220806E-02   -0.846889054380621360E+02   -0.373096045302605051E+01
    0.192273627676209217E-02   -0.847128109254855417E+02   -0.373112047907368227E+01
    0.191565175608149449E-02   -0.847154281088815537E+02   -0.381445891770559253E+01
    0.190657231180738681E-02   -0.847159263515900989E+02   -0.381445224921700898E+01
    0.191857757718132647E-02   -0.847384804267409493E+02   -0.381414998972211672E+01
    0.195849895297848034E-02   -0.847896689732601772E+02   -0.373164231291407589E+01
    0.195766144096181510E-02   -0.847988135312504738E+02   -0.373170516512201811E+01
    0.195105372618371766E-02   -0.848020514922784798E+02   -0.381329376655653629E+01
    0.194141709802673362E-02   -0.848021486328553920E+02   -0.381329245324192989E+01
    0.196195794240345027E-02   -0.848331981438796419E+02   -0.381287187557259788E+01
    0.205644619629461855E-02   -0.849372709854029893E+02   -0.381145009538176893E+01
    0.204822827672763606E-02   -0.849392626226437670E+02   -0.381142269771116915E+01
    0.209137256806458645E-02   -0.849909534573296810E+02   -0.381070901155471820E+01
    0.209872630375883534E-02   -0.850079735716223013E+02   -0.381047289371490461E+01
    0.210421767553026304E-02   -0.850231997891719402E+02   -0.381026117773812167E+01
    0.209401480256560420E-02   -0.850234786571432863E+02   -0.381025729585053519E+01
    0.211661208068110451E-02   -0.850549457647192639E+02   -0.373353747979875372E+01
    0.211192827595221757E-02   -0.850605151042554439E+02   -0.380974034070968637E+01
    0.216464736178577540E-02   -0.851198272278116974E+02   -0.380890648033605261E+01
    0.218871472551785805E-02   -0.851519412706601457E+02   -0.380845178905243475E+01
    0.222195332361762405E-02   -0.851920856632686991E+02   -0.380788009166717512E+01
    0.221135116074468868E-02   -0.851925197215452812E+02   -0.380787388965502993E+01
    0.222603070385934401E-02   -0.852157523863132411E+02   -0.380754127494450678E+01
    0.223609127123099377E-02   -0.852347710410926993E+02   -0.380726801753044164E+01
    0.222802100204494685E-02   -0.852375397910848847E+02   -0.380722816230591166E+01
    0.222655777924458606E-02   -0.852462258865162710E+02   -0.380710300519755496E+01
    0.223473049397296224E-02   -0.852635535671055464E+02   -0.373514607879349381E+01
    0.228504235782300141E-02   -0.853180814172501982E+02   -0.380606023804098870E+01
    0.232519346514682050E-02   -0.853629187870071888E+02   -0.373595524430274972E+01
    0.231628192477039991E-02   -0.853652388571761946E+02   -0.373597450076264526E+01
    0.233221509372621635E-02   -0.853889492941534343E+02   -0.380501813890519669E+01
    0.232059466290119275E-02   -0.853889592403201902E+02   -0.373617236853548818E+01
    0.231324623918934208E-02   -0.853926159669734375E+02   -0.380496383202714838E+01
    0.231121718309065588E-02   -0.854008609039154436E+02   -0.373627233621759824E+01
    0.231033637957980429E-02   -0.854100985598165892E+02   -0.380470435387661832E+01
    0.232663639984805526E-02   -0.854341595329410808E+02   -0.373655452513396025E+01
    0.232099144652359556E-02   -0.854393011782819656E+02   -0.380426888029548627E+01
    0.233295231841641184E-02   -0.854595814041132371E+02   -0.373677249937816125E+01
    0.235333012511025706E-02   -0.854869750933575574E+02   -0.373700991218982281E+01
    0.234237377280045690E-02   -0.854876419902226417E+02   -0.380354218408973210E+01
    0.234711099260751519E-02   -0.855016827082592101E+02   -0.373713848766814127E+01
    0.233630476787200165E-02   -0.855024533385299463E+02   -0.373714524628209954E+01
    0.233214363413186340E-02   -0.855088880127653255E+02   -0.373720176487383338E+01
    0.233606864757701562E-02   -0.855222511968993757E+02   -0.380301724936283492E+01
    0.232541947072383579E-02   -0.855231131747838447E+02   -0.373732725330117521E+01
    0.236083411175123199E-02   -0.855633422817726057E+02   -0.380238869728452178E+01
    0.235946655022706547E-02   -0.855721834051159504E+02   -0.380225268009803941E+01
    0.235162244238272880E-02   -0.855755232761262619E+02   -0.380220122420891693E+01
    0.234138190232268230E-02   -0.855767949174363025E+02   -0.373780772342233636E+01
    0.234653866595695669E-02   -0.855911949627349316E+02   -0.380195923467145924E+01
    0.233721713048224648E-02   -0.855932342165415889E+02   -0.380192767977621582E+01
    0.232673079909560951E-02   -0.855942406778355291E+02   -0.373796629632485589E+01
    0.231729757555691231E-02   -0.855961156314305072E+02   -0.373798341147394675E+01
    0.233102310514957459E-02   -0.856179268384677101E+02   -0.373818356519643569E+01
    0.233219836582241984E-02   -0.856289349490239147E+02   -0.373828532985080209E+01
    0.232472873618064409E-02   -0.856325190134646590E+02   -0.373831857246196764E+01
    0.231409676984878744E-02   -0.856333511886048342E+02   -0.380130373605698324E+01
    0.230780265706758466E-02   -0.856379039764605068E+02   -0.380123253561918695E+01
    0.230582661151853630E-02   -0.856461907519642835E+02   -0.380110273099881191E+01
    0.231808621057509340E-02   -0.856667961662575266E+02   -0.380077878097869704E+01
    0.231864084950882858E-02   -0.856772746407755932E+02   -0.380061338303433516E+01
    0.230715220869006548E-02   -0.856773402020352108E+02   -0.380061234676092319E+01
    0.230406325186041172E-02   -0.856846606852629975E+02   -0.373880844651487543E+01
    0.229446018932779987E-02   -0.856863075026686403E+02   -0.380047044028227088E+01
    0.228881987869719280E-02   -0.856913849900626445E+02   -0.373887249500300634E+01
    0.228119212648809520E-02   -0.856947086318528903E+02   -0.380033718905944440E+01
    0.229489147881747685E-02   -0.857166834071729085E+02   -0.379998722819583357E+01
    0.229728082360169950E-02   -0.857287646400557151E+02   -0.373923231367986197E+01
    0.231316840623257665E-02   -0.857525486725671016E+02   -0.373946469073190668E+01
    0.231343781779006896E-02   -0.857627815962651567E+02   -0.379924619665607910E+01
    0.236401205433426275E-02   -0.858160326915345877E+02   -0.374009872291542456E+01
    0.235847984234993082E-02   -0.858213468480129649E+02   -0.379829048987685169E+01
    0.235197104266204361E-02   -0.858258197305550112E+02   -0.379821680796979777E+01
    0.234057192746521016E-02   -0.858261029201248959E+02   -0.379821213958241310E+01
    0.235343583375437464E-02   -0.858470649288370140E+02   -0.374041633002965135E+01
    0.234993620823200451E-02   -0.858540886589294132E+02   -0.379774876570456010E+01
    0.234340044723150729E-02   -0.858585184084189024E+02   -0.379767504605700612E+01
    0.234009493248471187E-02   -0.858656952901897625E+02   -0.379755538752062494E+01
    0.232931707216744738E-02   -0.858664625393020486E+02   -0.379754257905870674E+01
    0.232441720133655600E-02   -0.858722509772715910E+02   -0.374067801478062378E+01
    0.232111460372178436E-02   -0.858794073001127458E+02   -0.379732599977164975E+01
    0.232081596651167446E-02   -0.858891499613128389E+02   -0.374085562899217106E+01
    0.231010872524087208E-02   -0.858899014754803858E+02   -0.379714974890188017E+01
    0.230083030725406791E-02   -0.858918524161067438E+02   -0.374088418735726069E+01
    0.230541196859735233E-02   -0.859058310716613960E+02   -0.379688103565791923E+01
    0.230412810423051648E-02   -0.859147169783854991E+02   -0.379673051487417146E+01
    0.230306114266504462E-02   -0.859237906334689825E+02   -0.374122500710218375E+01
    0.229426200055922631E-02   -0.859261347410495802E+02   -0.379653643557717624E+01
    0.228576023599130328E-02   -0.859287096466777314E+02   -0.374127805204012720E+01
    0.231157322233336952E-02   -0.859611689769295140E+02   -0.379593607546123391E+01
    0.230807139990326033E-02   -0.859681368622218258E+02   -0.374170876122224438E+01
    0.230596315014628848E-02   -0.859763091776817134E+02   -0.379567428883566782E+01
    0.231669613750771922E-02   -0.859955964783285935E+02   -0.374201477100970692E+01
    0.230622991990664557E-02   -0.859965405381270358E+02   -0.379532218345648653E+01
    0.230500418815416134E-02   -0.860054772810876926E+02   -0.374212614438403257E+01
    0.230372617346041430E-02   -0.860143680691128338E+02   -0.379500967962446412E+01
    0.229459449047993798E-02   -0.860164245648189478E+02   -0.379497349300213926E+01
    0.229190257102948993E-02   -0.860240768735648658E+02   -0.379483858686087494E+01
    0.228268027671261163E-02   -0.860260129192174361E+02   -0.379480439147300164E+01
    0.228033305613142487E-02   -0.860339553133180033E+02   -0.374245100937693653E+01
    0.227048667407215524E-02   -0.860353006989777924E+02   -0.379463998323247775E+01
    0.226639501274095200E-02   -0.860416932322435599E+02   -0.374254029801146393E+01
    0.225525953897589681E-02   -0.860418424166630587E+02   -0.379452382035921332E+01
    0.225331789704235610E-02   -0.860501197960971496E+02   -0.379437639937818805E+01
    0.224231296418573884E-02   -0.860503281070745913E+02   -0.374264046302823328E+01
    0.224009347023626688E-02   -0.860583474797813608E+02   -0.379422937250209458E+01
    0.223444541300530167E-02   -0.860632984140536763E+02   -0.374279197982599143E+01
    0.222432100590824874E-02   -0.860642157005439259E+02   -0.379412420566046116E+01
    0.222367773714083261E-02   -0.860736372212689957E+02   -0.379395482345566482E+01
    0.224943243720578459E-02   -0.861066681627508217E+02   -0.379335562124858061E+01
    0.224661864172898303E-02   -0.861141648141057487E+02   -0.374339900545092030E+01
    0.223658856961267633E-02   -0.861152157842009842E+02   -0.379319915916035910E+01
    0.224174313905205419E-02   -0.861298197948468953E+02   -0.379293045433168974E+01
    0.223347347839855355E-02   -0.861324282687840537E+02   -0.379288227346849904E+01
    0.222796255087622137E-02   -0.861374873212603944E+02   -0.379278866473734766E+01
    0.222326202493006555E-02   -0.861432632902205029E+02   -0.379268152470779984E+01
    0.221230997698735601E-02   -0.861433867104287430E+02   -0.379267923223539860E+01
    0.221383507993243864E-02   -0.861547649779602978E+02   -0.379246731963730355E+01
    0.221668262471382297E-02   -0.861673358244060807E+02   -0.374405694432630654E+01
    0.224290075092670746E-02   -0.862008523066170795E+02   -0.379159705725472751E+01
    0.223598761095812311E-02   -0.862046783233427334E+02   -0.374453463811240628E+01
    0.223103415293047710E-02   -0.862102427415884307E+02   -0.374460699318370382E+01
    0.222659210524605439E-02   -0.862162567195242246E+02   -0.374468554766596551E+01
    0.223036634504595157E-02   -0.862296439987588457E+02   -0.379104309765050873E+01
    0.222989467575750167E-02   -0.862392210017297316E+02   -0.379085697370240382E+01
    0.223259162392011861E-02   -0.862516384419725881E+02   -0.374515538987142627E+01
    0.222220664932826911E-02   -0.862523136710024545E+02   -0.374516448800055946E+01
    0.221275570672519817E-02   -0.862537896239864352E+02   -0.379057199048313720E+01
    0.223973258674442033E-02   -0.862880252498661520E+02   -0.374565306823122679E+01
    0.223513831015254277E-02   -0.862939185139964451E+02   -0.374573513599957009E+01
    0.223561639480100022E-02   -0.863043462580189527E+02   -0.374588138925370329E+01
    0.222556669526048504E-02   -0.863053354495968676E+02   -0.374589533297918686E+01
    0.221627904609504860E-02   -0.863069716627914403E+02   -0.374591842404060582E+01
    0.221048054911467638E-02   -0.863117321640818602E+02   -0.378941504009052776E+01
    0.221352434548463236E-02   -0.863244842377551862E+02   -0.378915502747614674E+01
    0.222257921399289645E-02   -0.863426489534452202E+02   -0.374643050384300569E+01
    0.221461421650619291E-02   -0.863454687336360394E+02   -0.378872260298627506E+01
    0.222498235014910537E-02   -0.863648102603595191E+02   -0.378831878851266612E+01
    0.221914745123684507E-02   -0.863695584765225703E+02   -0.378821885510650080E+01
    0.221031870863021241E-02   -0.863715857285844919E+02   -0.374685856361551561E+01
    0.220868692765734207E-02   -0.863801086713627058E+02   -0.374698695279260496E+01
    0.220482109320865524E-02   -0.863866050317009524E+02   -0.378785739154158696E+01
    0.219508920767801791E-02   -0.863877576682454844E+02   -0.378783279526425876E+01
    0.218471136969908535E-02   -0.863882797413695869E+02   -0.378782164809178479E+01
    0.218449077895860669E-02   -0.863980777907770658E+02   -0.378761167373424001E+01
    0.217581695719252588E-02   -0.864001207072570168E+02   -0.374729275619549007E+01
    0.217107600060674911E-02   -0.864057580891648627E+02   -0.378744604537061669E+01
    0.216436280811874377E-02   -0.864095643005777561E+02   -0.378736361828895252E+01
    0.215719444384889977E-02   -0.864129293119138708E+02   -0.378729055283283333E+01
    0.215401512206805576E-02   -0.864199794925570615E+02   -0.378713687503688901E+01
    0.214442237962174072E-02   -0.864210527526727788E+02   -0.374761943455451529E+01
    0.213446468276743372E-02   -0.864217440565700628E+02   -0.378709828402486526E+01
    0.212548607050679550E-02   -0.864233133247837486E+02   -0.378706392079724186E+01
    0.211699784134212815E-02   -0.864253102391693915E+02   -0.374768676865231321E+01
    0.210998164512000855E-02   -0.864286707911303012E+02   -0.378694629508744640E+01
    0.209982198326964060E-02   -0.864290174367497599E+02   -0.378693866768454068E+01
    0.209845844868983538E-02   -0.864377183004487648E+02   -0.378674654690401313E+01
    0.209188037474618716E-02   -0.864414390188685786E+02   -0.378666399164290812E+01
    0.208922032405521900E-02   -0.864488941855899782E+02   -0.374806546252949513E+01
    0.208013808797600326E-02   -0.864501808541397452E+02   -0.378646906639793990E+01
    0.208202927463983865E-02   -0.864619983560605050E+02   -0.378620336218561704E+01
    0.208601148905014936E-02   -0.864758200227358031E+02   -0.378588927462754476E+01
    0.207819003307333936E-02   -0.864783069711863561E+02   -0.374855208428228570E+01
    0.206941683370141793E-02   -0.864798459836933091E+02   -0.378579709266704079E+01
    0.206194256936015688E-02   -0.864826093608129725E+02   -0.378573363447674005E+01
    0.205834195832490293E-02   -0.864891138624534506E+02   -0.378558366052186734E+01
    0.205242335091697804E-02   -0.864933547290051479E+02   -0.374880763797450500E+01
    0.204614867749791478E-02   -0.864972309587966919E+02   -0.378539529180403544E+01
    0.203616959205952987E-02   -0.864974530780378643E+02   -0.374887805380157424E+01
    0.202652333064947928E-02   -0.864979556538212506E+02   -0.378537840760749766E+01
    0.202026549718828602E-02   -0.865017701682765789E+02   -0.378528935313224801E+01
    0.201239457945884834E-02   -0.865039629863424722E+02   -0.378523801915733227E+01
    0.201253685421152583E-02   -0.865141043798097371E+02   -0.374916787759247239E+01
    0.200471801469575021E-02   -0.865163191138568379E+02   -0.378494681098853381E+01
    0.201196915545084681E-02   -0.865335401378748656E+02   -0.378453521184682806E+01
    0.200197318869489022E-02   -0.865335788713066592E+02   -0.374951479012456668E+01
    0.199560566495788272E-02   -0.865372074856702369E+02   -0.378444666152429221E+01
    0.199164002777779637E-02   -0.865432291619919027E+02   -0.374969004729795730E+01
    0.198503791805086692E-02   -0.865465883267191884E+02   -0.378421866843539423E+01
    0.197720688143238153E-02   -0.865486826598950927E+02   -0.378416747002939857E+01
    0.196993059538008285E-02   -0.865513089169360228E+02   -0.378410311194811078E+01
    0.196175805173009294E-02   -0.865529943669764776E+02   -0.374986975927409905E+01
    0.196143326136807069E-02   -0.865626632178309592E+02   -0.375005013099637363E+01
    0.195487008564461428E-02   -0.865659597719676981E+02   -0.378374081494066061E+01
    0.194685494725882545E-02   -0.865677427401750776E+02   -0.378369633664371552E+01
    0.193758968565586019E-02   -0.865682018353101768E+02   -0.378368487003711351E+01
    0.192905060592752828E-02   -0.865693682299409488E+02   -0.375017668190726106E+01
    0.192749281165288970E-02   -0.865777524883914111E+02   -0.375033667548710437E+01
    0.191918336260091271E-02   -0.865791118213839468E+02   -0.378341066891919553E+01
    0.191178502535386185E-02   -0.865813870419598146E+02   -0.375040665108337912E+01
    0.190290843792349632E-02   -0.865820792393411693E+02   -0.375042002102285554E+01
    0.189378810817848200E-02   -0.865824705206277940E+02   -0.378332558172213496E+01
    0.188821341665765122E-02   -0.865865744938582509E+02   -0.375050718783185033E+01
    0.187930654859803600E-02   -0.865871179975577974E+02   -0.375051776707477558E+01
    0.187787182607672756E-02   -0.865955905506836245E+02   -0.378299005578151704E+01
    0.186988970585491208E-02   -0.865970711908221773E+02   -0.378295186746956258E+01
    0.186157238549696717E-02   -0.865981552925188112E+02   -0.378292386410569037E+01
    0.186747636291675055E-02   -0.866144882559646163E+02   -0.378249750205613999E+01
    0.185841518714649837E-02   -0.866147604434265759E+02   -0.378249032395265150E+01
    0.184928964965225457E-02   -0.866149154786059796E+02   -0.378248623428503272E+01
    0.184331256112176618E-02   -0.866184408101640742E+02   -0.375114290147140172E+01
    0.183552513265897925E-02   -0.866199735270245128E+02   -0.378235236919809514E+01
    0.183010465651628506E-02   -0.866240586033629967E+02   -0.375125840831768587E+01
    0.182184009692491441E-02   -0.866250063594128221E+02   -0.375127800240281939E+01
    0.181479331625951693E-02   -0.866272554660073695E+02   -0.378215812242256888E+01
    0.180628000353714037E-02   -0.866278512616114540E+02   -0.378214214825966044E+01
    0.179929186184286482E-02   -0.866300986490380751E+02   -0.375138382160818962E+01
    0.179044454468848266E-02   -0.866302401702347993E+02   -0.378207797270859469E+01
    0.178227223895237904E-02   -0.866310904721374015E+02   -0.378205508151029068E+01
    0.177469312472289817E-02   -0.866325673352216228E+02   -0.378201526125083420E+01
    0.176677960356973023E-02   -0.866336292070118361E+02   -0.378198658199369131E+01
    0.175979705713471038E-02   -0.866357092821312449E+02   -0.378193028494530648E+01
    0.175189543539809047E-02   -0.866367089097028327E+02   -0.375152257035342007E+01
    0.174539816831100381E-02   -0.866392777068376887E+02   -0.378183333819799117E+01
    0.173711611398868994E-02   -0.866397649591332879E+02   -0.375158725805030713E+01
    0.173294304181611006E-02   -0.866449545809847308E+02   -0.375169791042824485E+01
    0.172936907990988917E-02   -0.866508255908186698E+02   -0.375182433818968386E+01
    0.172188661699613035E-02   -0.866521534143189456E+02   -0.378147955206847453E+01
    0.172138303944071366E-02   -0.866615684150487766E+02   -0.378121673876915132E+01
    0.171591481349648244E-02   -0.866652050089184911E+02   -0.378111425307700744E+01
    0.170894174480626555E-02   -0.866670609267277428E+02   -0.375218116576889793E+01
    0.170670493128519487E-02   -0.866744414358342823E+02   -0.378085142114141437E+01
    0.169865019880410784E-02   -0.866749801641668967E+02   -0.375235926423505939E+01
    0.169999133009395985E-02   -0.866865585964293928E+02   -0.375262474115293365E+01
    0.169189934840730102E-02   -0.866870158395359454E+02   -0.378048748718591954E+01
    0.168561129542577287E-02   -0.866895688634525499E+02   -0.375269479305206310E+01
    0.167758140700772986E-02   -0.866900185291282668E+02   -0.378039949033194667E+01
    0.167121489212104443E-02   -0.866924139787307979E+02   -0.378032897710800153E+01
    0.166322536598923886E-02   -0.866928297117438404E+02   -0.375277117244481451E+01
    0.165610571039736501E-02   -0.866942500716340163E+02   -0.375280460549616901E+01
    0.164800035964185617E-02   -0.866944375936536176E+02   -0.378026919036429465E+01
    0.164011114079324152E-02   -0.866948403108530812E+02   -0.378025726812591767E+01
    0.163211074302665906E-02   -0.866950605171934399E+02   -0.378025074562128660E+01
    0.162464647515397020E-02   -0.866958927709446527E+02   -0.378022607247087006E+01
    0.161664988385701184E-02   -0.866960243644365960E+02   -0.375284651089197396E+01
    0.161478649444950434E-02   -0.867037177869324864E+02   -0.375303006983545551E+01
    0.160685856263482292E-02   -0.867038744333943470E+02   -0.375303383921175726E+01
    0.159959169989382002E-02   -0.867048091124474922E+02   -0.375305635728936871E+01
    0.159596149849661694E-02   -0.867102650441958502E+02   -0.375318873352454085E+01
    0.159003233511475182E-02   -0.867128209993715728E+02   -0.377971645067007600E+01
    0.158650814711036483E-02   -0.867183832288220628E+02   -0.377954561290688096E+01
    0.157896558351420624E-02   -0.867188521715301874E+02   -0.375340040979103406E+01
    0.157137744858056299E-02   -0.867192174752053262E+02   -0.377951983831697946E+01
    0.156630642984059037E-02   -0.867227528046373095E+02   -0.377941016363382953E+01
    0.155882564918867722E-02   -0.867231777918043605E+02   -0.377939693012014732E+01
    0.155286892242028534E-02   -0.867255205697890545E+02   -0.375356772115041526E+01
    0.154664992749835003E-02   -0.867274948037672431E+02   -0.375361776537876413E+01
    0.154134802348258599E-02   -0.867306270411459650E+02   -0.377916320700164476E+01
    0.153475736251608278E-02   -0.867320568912658842E+02   -0.377911795517165494E+01
    0.152793819896834284E-02   -0.867331507826705916E+02   -0.375376246898349297E+01
    0.152084686346422326E-02   -0.867338469476712106E+02   -0.375378041884716129E+01
    0.151534402759443787E-02   -0.867365972824261036E+02   -0.375385163751748552E+01
    0.150846449084866396E-02   -0.867374967741449154E+02   -0.375387503587760474E+01
    0.152598852437811714E-02   -0.867606054530813822E+02   -0.375449533462524432E+01
    0.168163011478547381E-02   -0.869548478863311374E+02   -0.376578439474105853E+01
    0.166805531135543936E-02   -0.869386375548905193E+02   -0.376239750385284433E+01
    0.167215165822200834E-02   -0.869435430580015804E+02   -0.376864408254623395E+01
    0.167752719236872105E-02   -0.869499622271233079E+02   -0.376764879226684579E+01
    0.168107229274991744E-02   -0.869541843461505692E+02   -0.376645385622978246E+01
    0.151608590667069981E-02   -0.867475845321149563E+02   -0.375414115786552438E+01
    0.168021080390755176E-02   -0.869531591556665120E+02   -0.376466516852378863E+01
    0.156836533615285789E-02   -0.868153884071160178E+02   -0.377620441841243171E+01
    0.154758974461188543E-02   -0.867887180619113821E+02   -0.377720588434754800E+01
    0.167149818019482238E-02   -0.869427613038501619E+02   -0.376874330089290810E+01
    0.163475164570286448E-02   -0.868983024158644639E+02   -0.377230604281883952E+01
    0.166743448469270565E-02   -0.869378930445392939E+02   -0.376930122846335047E+01
    0.154171795462819503E-02   -0.867811153267666242E+02   -0.377747777476204494E+01
    0.167270519395828327E-02   -0.869442050124777097E+02   -0.376302852457233428E+01
    0.161005243691008499E-02   -0.868678541234976649E+02   -0.375810689580620538E+01
    0.158006570187673844E-02   -0.868302534868281271E+02   -0.377560822322098488E+01
    0.158231716228987422E-02   -0.868331012897542536E+02   -0.377549036418520600E+01
    0.159403852667307114E-02   -0.868478621273137037E+02   -0.377485803871217618E+01
    0.162849301091918868E-02   -0.868906307355386502E+02   -0.377274853721880188E+01
    0.151737580802520952E-02   -0.867492854290486406E+02   -0.375418672045271284E+01
    0.160097580719666447E-02   -0.868565472732323798E+02   -0.377446708540652942E+01
    0.159976887019088062E-02   -0.868550389529074209E+02   -0.377453609300445070E+01
    0.167948087190874975E-02   -0.869522901092411757E+02   -0.376712416185291321E+01
    0.153220644807603563E-02   -0.867687382664854283E+02   -0.377790923052740846E+01
    0.168163071408922128E-02   -0.869548485990962661E+02   -0.376575712625546677E+01
    0.164774610429696089E-02   -0.869141373409304521E+02   -0.376047309377523753E+01
    0.153207373596641726E-02   -0.867685650289200083E+02   -0.377791517669845156E+01
    0.166939468862849563E-02   -0.869402428251956678E+02   -0.376904331604029075E+01
    0.159433242988311560E-02   -0.868482308462800745E+02   -0.377484174592182864E+01
    0.151335779008098382E-02   -0.867439823957489722E+02   -0.377873541097201038E+01
    0.165488966630700359E-02   -0.869227893069923425E+02   -0.376105712584276031E+01
    0.156753745553732350E-02   -0.868143324041851088E+02   -0.375611396188969149E+01
    0.154405525131691749E-02   -0.867841450985349496E+02   -0.377737007780675782E+01
    0.153856698402042840E-02   -0.867770235342609340E+02   -0.375496087499475095E+01
    0.164789846811824823E-02   -0.869143222684225378E+02   -0.377127866233436571E+01
    0.155482636155288294E-02   -0.867980483771469693E+02   -0.377686442776946407E+01
    0.168161545894306283E-02   -0.869548304557366833E+02   -0.376587562731048742E+01
    0.167098899239154675E-02   -0.869421519518545693E+02   -0.376277964942244658E+01
    0.155296029207381363E-02   -0.867956465781674353E+02   -0.375551814029667863E+01
    0.159762094935304595E-02   -0.868523518596442727E+02   -0.375747476246947532E+01
    0.156641440666639969E-02   -0.868128990076705804E+02   -0.375606679686565137E+01
    0.157104085759702606E-02   -0.868187973601814065E+02   -0.375626256151093951E+01
    0.162037092848810898E-02   -0.868806308100221401E+02   -0.375867451879541248E+01
    0.167988964993941604E-02   -0.869527768409428603E+02   -0.376698700787356611E+01
    0.165871563706415886E-02   -0.869274078081197530E+02   -0.376140288083036189E+01
    0.165021685529618449E-02   -0.869171340410047151E+02   -0.376066732613923538E+01
    0.161355052131333739E-02   -0.868721947148442268E+02   -0.377371985666325660E+01
    0.165426797727414383E-02   -0.869220378299010150E+02   -0.376100337541864338E+01
    0.164678305356950319E-02   -0.869129680682256236E+02   -0.377137223908766517E+01
    0.153984544407746249E-02   -0.867786847283476703E+02   -0.375500925776243832E+01
    0.152096305900875140E-02   -0.867540080789008954E+02   -0.375431431701035745E+01
    0.167971217066117820E-02   -0.869525655310461758E+02   -0.376704831974686449E+01
    0.161331682720390265E-02   -0.868719050294191817E+02   -0.377373426036229320E+01
    0.167800064557668892E-02   -0.869505266130965140E+02   -0.376401278924422744E+01
    0.164898347383851912E-02   -0.869156386707427231E+02   -0.376056943608805216E+01
    0.156011534114193300E-02   -0.868048401378623566E+02   -0.375580627887249774E+01
    0.155493857381839651E-02   -0.867981927125136679E+02   -0.377685907460376002E+01
    0.162373246582845970E-02   -0.868847756083036558E+02   -0.375886963721828549E+01
    0.152625825940078423E-02   -0.867609589435327990E+02   -0.375450512748459975E+01
    0.167759624610505447E-02   -0.869500445534371948E+02   -0.376763270092009739E+01
    0.167990155320338146E-02   -0.869527910123758403E+02   -0.376698278762269512E+01
    0.155708990116003873E-02   -0.868009578898912366E+02   -0.377675608444091715E+01
    0.167188142300212688E-02   -0.869432198133279712E+02   -0.376290629236491947E+01
    0.168145432940661568E-02   -0.869546388099526695E+02   -0.376615006826334042E+01
    0.167915955542304236E-02   -0.869519074347707885E+02   -0.376722312373990142E+01
    0.157467058635313338E-02   -0.868234128253080115E+02   -0.375641895369896517E+01
    0.164509642168866595E-02   -0.869109186225626189E+02   -0.377151115967895922E+01
    0.165016077203614456E-02   -0.869170660690737691E+02   -0.377108437293431109E+01
    0.167834460432411377E-02   -0.869509365336773925E+02   -0.376409719488129735E+01
    0.167132090275155234E-02   -0.869425491745795824E+02   -0.376282609662891421E+01
    0.156526163559402498E-02   -0.868114266061719633E+02   -0.377635835562503352E+01
    0.157062143068112088E-02   -0.868182633410795148E+02   -0.377609146285560993E+01
    0.167351457326122026E-02   -0.869451725273153642E+02   -0.376315433208225469E+01
    0.167282888764623224E-02   -0.869443529035886371E+02   -0.376853770008779509E+01
    0.163592555521400464E-02   -0.868997380935415009E+02   -0.375963012988261314E+01
    0.166915234846814206E-02   -0.869399524711487288E+02   -0.376907622584323132E+01
    0.163914287674255714E-02   -0.869036675657102222E+02   -0.377197949990461279E+01
    0.167707261875671421E-02   -0.869494201969076244E+02   -0.376380341346874214E+01
    0.166499182373066224E-02   -0.869349610530430823E+02   -0.376204104737404998E+01
    0.168159181659158891E-02   -0.869548023369208920E+02   -0.376594378733733626E+01
    0.151059694969492091E-02   -0.867403304348028001E+02   -0.377885355247516852E+01
    0.168080887141302290E-02   -0.869538709247956092E+02   -0.376492656121596259E+01
    0.153823221118671617E-02   -0.867765883120526524E+02   -0.377763713385034450E+01
    0.157861344349917269E-02   -0.868284144162380898E+02   -0.377568368054105452E+01
    0.165355189897592545E-02   -0.869211719081323793E+02   -0.377078056904954551E+01
    0.156265533674906725E-02   -0.868080936539597730E+02   -0.377648636858644071E+01
    0.159375845523858925E-02   -0.868475106978634557E+02   -0.377487354344681769E+01
    0.161186757096820621E-02   -0.868701076049568144E+02   -0.377382311287724237E+01
    0.167652188497973797E-02   -0.869487633091636525E+02   -0.376368931060309286E+01
    0.159646882082704932E-02   -0.868509090341022727E+02   -0.377472261450350732E+01
    0.167286822332156663E-02   -0.869443999319645400E+02   -0.376853140128821318E+01
    0.161832578594976869E-02   -0.868781049263220098E+02   -0.375855842582968247E+01
    0.167930799409348342E-02   -0.869520842281068553E+02   -0.376717824817945068E+01
    0.154865803084134408E-02   -0.867900981662820072E+02   -0.377715593281591078E+01
    0.153671567248027862E-02   -0.867746155451807937E+02   -0.375489117511194914E+01
    0.157602595078139372E-02   -0.868251335426108568E+02   -0.377581705999553918E+01
    0.168016767946121449E-02   -0.869531078228222611E+02   -0.376688437295824841E+01
    0.168116095482675684E-02   -0.869542898261340724E+02   -0.376512972127435619E+01
    0.168055044428152200E-02   -0.869535633978605205E+02   -0.376672566977528289E+01
    0.160740079708054343E-02   -0.868645575529034062E+02   -0.377409207704940819E+01
    0.167972022411720309E-02   -0.869525751201137211E+02   -0.376449065034785768E+01
    0.167341037047659619E-02   -0.869450479917653922E+02   -0.376844314872988129E+01
    0.158493434058609196E-02   -0.868364065894938335E+02   -0.375687578326875959E+01
    0.167184811596002856E-02   -0.869431799691459446E+02   -0.376290146264854997E+01
    0.161152498678260011E-02   -0.868696824824428688E+02   -0.377384399934650538E+01
    0.168124933620042395E-02   -0.869543949666327336E+02   -0.376633335569170580E+01
    0.157592012944689328E-02   -0.868249992492798981E+02   -0.375647338860038182E+01
    0.158925371640267665E-02   -0.868418497181366575E+02   -0.377512015654579525E+01
    0.156714470038888699E-02   -0.868138312303742339E+02   -0.377626515723924339E+01
    0.153452963845620172E-02   -0.867717684467931178E+02   -0.377780481972895421E+01
    0.166263548219768476E-02   -0.869321285941043982E+02   -0.376986858214205878E+01
    0.167891903096397625E-02   -0.869516209322923146E+02   -0.376424880778115201E+01
    0.161604202886416327E-02   -0.868752805629893317E+02   -0.375843098297258837E+01
    0.166077560935419272E-02   -0.869298900831451107E+02   -0.376160125481671725E+01
    0.168037422428264833E-02   -0.869533536698643275E+02   -0.376472992625389313E+01
    0.166431036529004995E-02   -0.869341423127648625E+02   -0.376967929516789191E+01
    0.162884618781403254E-02   -0.868910644354079835E+02   -0.375917770186903510E+01
    0.164717788436623096E-02   -0.869134475284330250E+02   -0.377133927502143784E+01
    0.155400196422041874E-02   -0.867969876593904388E+02   -0.377690369997162811E+01
    0.158707269285558489E-02   -0.868391031189414377E+02   -0.375697390467216907E+01
    0.164314525920032173E-02   -0.869085451197526879E+02   -0.377166824817020085E+01
    0.166758301537053952E-02   -0.869380711913441360E+02   -0.376928230927436081E+01
    0.164045382412054052E-02   -0.869052664787076310E+02   -0.377187908280468243E+01
    0.168120154496966185E-02   -0.869543381137805085E+02   -0.376636822592590637E+01
    0.153755989835329082E-02   -0.867757139839834224E+02   -0.375492290660511241E+01
    0.160261907343695205E-02   -0.868585990512450650E+02   -0.377437242235713555E+01
    0.167327953419593918E-02   -0.869448916148264317E+02   -0.376311716732109680E+01
    0.159364941307010280E-02   -0.868473738566770948E+02   -0.377487957442011535E+01
    0.164730596016898810E-02   -0.869136030317638841E+02   -0.376043925447814331E+01
    0.161503533880624230E-02   -0.868740343036449048E+02   -0.377362783416146641E+01
    0.164336429249219000E-02   -0.869088117044544646E+02   -0.377165079833211969E+01
    0.156665208067899666E-02   -0.868132024471462529E+02   -0.377628959689521571E+01
    0.167949954988817762E-02   -0.869523123516803338E+02   -0.376711819181811247E+01
    0.159403451070941034E-02   -0.868478570885788628E+02   -0.375730116245904489E+01
    0.168047459925022361E-02   -0.869534731336936915E+02   -0.376675909503251116E+01
    0.162681187844657474E-02   -0.868885650210459062E+02   -0.377286336410089751E+01
    0.154480637332210231E-02   -0.867851177831175278E+02   -0.377733532065030264E+01
    0.162841004237667948E-02   -0.868905288368438704E+02   -0.375915085847397901E+01
    0.167266191779244316E-02   -0.869441532678835927E+02   -0.376302196424667201E+01
    0.158615117668766195E-02   -0.868379415038373992E+02   -0.377528710924251509E+01
    0.152966364306985443E-02   -0.867654163677567851E+02   -0.375462945647146018E+01
    0.168040420188888726E-02   -0.869533893492248069E+02   -0.376678916012847775E+01
    0.167928549384974840E-02   -0.869520574308849490E+02   -0.376435418369721919E+01
    0.164472272895774415E-02   -0.869104642599178447E+02   -0.376024492927813991E+01
    0.158893357796411065E-02   -0.868414467985979428E+02   -0.377513749002097843E+01
    0.157150203388460347E-02   -0.868193843705189749E+02   -0.375628229200757957E+01
    0.157481358458952305E-02   -0.868235944401105968E+02   -0.375642516748726019E+01
    0.153713820219009080E-02   -0.867751653822644045E+02   -0.377768684749739503E+01
    0.168153755279105716E-02   -0.869547377972679953E+02   -0.376604374769938621E+01
    0.153781416763339326E-02   -0.867760447005404529E+02   -0.377765614721911858E+01
    0.152450631811376527E-02   -0.867586618911905703E+02   -0.375444166406211011E+01
    0.168156594402370566E-02   -0.869547715651644211E+02   -0.376552642639827528E+01
    0.153458806642604081E-02   -0.867718445963259200E+02   -0.377780218592629868E+01
    0.166762286776150448E-02   -0.869381189873631541E+02   -0.376234487184303346E+01
    0.164966946134315756E-02   -0.869164705103184758E+02   -0.376062364511991110E+01
    0.153156418278888712E-02   -0.867678997372690475E+02   -0.375469941517576800E+01
    0.157781733977342318E-02   -0.868274055504687681E+02   -0.375655664202498407E+01
    0.164819254282148344E-02   -0.869146791453449907E+02   -0.377125375463915269E+01
    0.158549354935386025E-02   -0.868371121204732077E+02   -0.375690133964633510E+01
    0.158867727411061434E-02   -0.868411241614142568E+02   -0.377515134937111174E+01
    0.166353019932600392E-02   -0.869332045683468948E+02   -0.376188278427763700E+01
    0.167092807424536888E-02   -0.869420790378414949E+02   -0.376882736356722114E+01
    0.157088022054567697E-02   -0.868185928521145343E+02   -0.377607844758234634E+01
    0.167349259097663411E-02   -0.869451462563413315E+02   -0.376842952090280292E+01
    0.167602805877128513E-02   -0.869481741144070526E+02   -0.376359219035433057E+01
    0.167752465905930985E-02   -0.869499592068308971E+02   -0.376764938006015715E+01
    0.152436585549421038E-02   -0.867584776097754542E+02   -0.377825726275363483E+01
    0.166785668258674137E-02   -0.869383993846158916E+02   -0.376237322496126403E+01
    0.159216705544231525E-02   -0.868455126600269978E+02   -0.375721215777029727E+01
    0.166588744016333743E-02   -0.869360365846169287E+02   -0.376214153303826659E+01
    0.164209489310398332E-02   -0.869072662286111779E+02   -0.377175130503515188E+01
    0.158026473235040260E-02   -0.868305053977951076E+02   -0.377559784771026319E+01
    0.166532401867612156E-02   -0.869353600481681923E+02   -0.376207799059424008E+01
    0.158069565405630826E-02   -0.868310507025833971E+02   -0.377557535512076026E+01
    0.154041096663722239E-02   -0.867794191121011238E+02   -0.375503072580437447E+01
    0.157878370937098670E-02   -0.868286301203307289E+02   -0.377567485627994959E+01
    0.156305772466835838E-02   -0.868086085930007130E+02   -0.377646667750874920E+01
    0.164521414960012362E-02   -0.869110617432911567E+02   -0.377150155986401936E+01
    0.167719262039846165E-02   -0.869495633002500625E+02   -0.376772494182778495E+01
    0.165779679312718980E-02   -0.869262996030642086E+02   -0.377037499100405915E+01
    0.160587266349996867E-02   -0.868626552763439861E+02   -0.377418248640837550E+01
    0.168064147834291570E-02   -0.869536717333123761E+02   -0.376668397489411877E+01
    0.163974136736264086E-02   -0.869043976806910337E+02   -0.375988872289254950E+01
    0.163594329653382977E-02   -0.868997597830659174E+02   -0.377221884729827739E+01
    0.162880902784907802E-02   -0.868910188075407177E+02   -0.375917541045535764E+01
    0.168155279052167633E-02   -0.869547559207544936E+02   -0.376601960406136804E+01
    0.152232206450247736E-02   -0.867557943138791074E+02   -0.377834693020070223E+01
    0.161089581862689651E-02   -0.868689014942334410E+02   -0.377388224361171964E+01
    0.156559943214828329E-02   -0.868118581763352779E+02   -0.375603270948379730E+01
    0.166830785678056029E-02   -0.869389403341898657E+02   -0.376242863503630520E+01
    0.156556604912596719E-02   -0.868118155302055641E+02   -0.375603131567141224E+01
    0.165292629900202289E-02   -0.869204150908253723E+02   -0.377083784737780814E+01
    0.153799580460567777E-02   -0.867762809140570681E+02   -0.377764788859866218E+01
    0.167902272611941011E-02   -0.869517444545722924E+02   -0.376726332669516495E+01
    0.164249099804718540E-02   -0.869077486089881859E+02   -0.377172010309872174E+01
    0.167213123124081695E-02   -0.869435186258804151E+02   -0.376294278611199040E+01
    0.167068887507278337E-02   -0.869417927103819039E+02   -0.376273828023179435E+01
    0.158054489891165683E-02   -0.868308599481726162E+02   -0.377558322845620076E+01
    0.167486792213038900E-02   -0.869467892469640162E+02   -0.376337985007066012E+01
