    0.498758551348486076E-98    0.131717932563665772E+04   -0.336814290285110474E+01
    0.274028648176983262E-95    0.130455159399330341E+04   -0.336990935802459735E+01
    0.153369352670522718E-91    0.128728168039807883E+04   -0.337240819334983843E+01
    0.156397449478296637E-91    0.128723257752138761E+04   -0.337241544127464277E+01
    0.138482204646260827E-84    0.125522970359793294E+04   -0.337732602357864398E+01
    0.279814581216007850E-84    0.125381293291232328E+04   -0.337755252122879046E+01
    0.371559177707890212E-77    0.122099957966727061E+04   -0.338304028865468531E+01
    0.429583910034170353E-73    0.120227868103593596E+04   -0.338640008568763751E+01
    0.507599590872633826E-71    0.119272458898254240E+04   -0.338818658590316790E+01
    0.346387259897499404E-64    0.116124266874544855E+04   -0.339446147680282584E+01
    0.288000838187032206E-61    0.114778634620132766E+04   -0.339734784960746783E+01
    0.156415018630086935E-52    0.110755071560734655E+04   -0.340686981081962603E+01
    0.677194577979738358E-50    0.109539948364906604E+04   -0.341005617976188669E+01
    0.217847508867161784E-45    0.107463195937169485E+04   -0.341591012477874756E+01
    0.149494085883583098E-44    0.107076986615505461E+04   -0.341706220507621783E+01
    0.182378267931665666E-34    0.102431051210979513E+04   -0.343291296362876874E+01
    0.250385497974786259E-34    0.102366667451643059E+04   -0.343316380977630597E+01
    0.303431634960403834E-34    0.102327236530137372E+04   -0.343331794142723101E+01
    0.305830721142032742E-34    0.102324661446065738E+04   -0.343332802057266218E+01
    0.201898042597351123E-32    0.101485681192795914E+04   -0.343670272231101981E+01
    0.707705776547365368E-32    0.101233828071373500E+04   -0.343775287866592416E+01
    0.278912207767619720E-31    0.100958537327308443E+04   -0.343892160654068002E+01
    0.715413534732185520E-30    0.100308627572518913E+04   -0.344177204694166639E+01
    0.168434304970928212E-27    0.992153395074157856E+03   -0.344688684940338153E+01
    0.256765163323040487E-26    0.986694992661207380E+03   -0.344960935115814227E+01
    0.490182456581596021E-25    0.980786590922430264E+03   -0.345269934535026568E+01
    0.122209041857476587E-23    0.974344339842212321E+03   -0.345625649094581622E+01
    0.794733272582909222E-22    0.965984622624449685E+03   -0.346120469862059599E+01
    0.133735806494730268E-20    0.960328562835863636E+03   -0.346479613184928903E+01
    0.872455608981787315E-20    0.956567671807173724E+03   -0.346730731129646319E+01
    0.264940498072805895E-17    0.945125774268458258E+03   -0.347565732825184615E+01
    0.278519102537948744E-17    0.945015811503227042E+03   -0.347574344277381897E+01
    0.698769314112413190E-17    0.943166143468787709E+03   -0.347721069455146781E+01
    0.237700129104007721E-16    0.940707594777861232E+03   -0.347921791672706604E+01
    0.414844427286007348E-16    0.939583807460993626E+03   -0.348015816816452572E+01
    0.219124795362812370E-13    0.927034821236190623E+03   -0.349179979165422649E+01
    0.371126336053751349E-12    0.921365848802742676E+03   -0.349790816307067853E+01
    0.179132777862549540E-11    0.918207509069670664E+03   -0.350160514389652588E+01
    0.213654654468934400E-11    0.917845041788253639E+03   -0.350204457640647870E+01
    0.420070348203717408E-11    0.916482919296980299E+03   -0.350372575521469098E+01
    0.577879510899849234E-11    0.915835032906347578E+03   -0.350454250574111947E+01
    0.778693033629050403E-11    0.915228529850154018E+03   -0.350531746745109540E+01
    0.367161424708946062E-10    0.912116990295556889E+03   -0.350946192145347613E+01
    0.548546733494004569E-10    0.911304048540051781E+03   -0.351059463620185852E+01
    0.393221347071771511E-09    0.907354677956114983E+03   -0.351643238663673419E+01
    0.835860552543225581E-08    0.901231329532978407E+03   -0.352682704329490671E+01
    0.900285167499249903E-08    0.901072829993137475E+03   -0.352712250947952288E+01
    0.914650836045768588E-08    0.901031168339969895E+03   -0.352720042467117301E+01
    0.943386356437721529E-08    0.900959301307710575E+03   -0.352733507752418518E+01
    0.166498073101616657E-07    0.899813115466196791E+03   -0.352952626282451920E+01
    0.260720595198458108E-07    0.898906184304118028E+03   -0.353132120966911334E+01
    0.887628708319024411E-07    0.896445975870391862E+03   -0.353649384975433367E+01
    0.200670968305597285E-06    0.894804579566689654E+03   -0.354022551178932199E+01
    0.206238915717923455E-06    0.894739842189395404E+03   -0.354037783145904550E+01
    0.207540355984616173E-06    0.894717261138122240E+03   -0.354043105840682992E+01
    0.310003144307823757E-06    0.893904747872276857E+03   -0.354238029718399039E+01
    0.334291303502122639E-06    0.893743887194919694E+03   -0.354277428984642029E+01
    0.643556991927425391E-06    0.892423891575672769E+03   -0.354611550623313354E+01
    0.206061928648752261E-05    0.890086389070761925E+03   -0.355256804823875427E+01
    0.284535565715148409E-05    0.889431026052892776E+03   -0.355451932549476624E+01
    0.419757890995350064E-05    0.888643386376890817E+03   -0.355695881843566886E+01
    0.541218144000610292E-05    0.888125097724531770E+03   -0.355862470865249625E+01
    0.547698299832529684E-05    0.888091293391820955E+03   -0.355873512625694266E+01
    0.124226098911294316E-04    0.886443365813841751E+03   -0.356440539621969998E+01
    0.156305673718589484E-04    0.885973945307110057E+03   -0.356613401174545297E+01
    0.244255352985267140E-04    0.885071143967629041E+03   -0.356962104305643413E+01
    0.732231298617258921E-04    0.882865379489478755E+03   -0.357922787315025559E+01
    0.144741245337719882E-03    0.881492506928295484E+03   -0.358621937036514282E+01
    0.186177231086337907E-03    0.880979004044349722E+03   -0.358909362554550171E+01
    0.187526282638056222E-03    0.880954564175711766E+03   -0.358923445530313856E+01
    0.197394067794315694E-03    0.880841998045330456E+03   -0.358988806605339050E+01
    0.210046909569615238E-03    0.880707740425674842E+03   -0.359067854285240173E+01
    0.221530314909347732E-03    0.880591283310997596E+03   -0.359137411713600141E+01
    0.227559345044037675E-03    0.880527580071604802E+03   -0.359175859689712507E+01
    0.282360913589442162E-03    0.880086030018884117E+03   -0.359450537046616869E+01
    0.337328249163007629E-03    0.879720289216195852E+03   -0.359689737558364886E+01
    0.376066029635788602E-03    0.879492872717613750E+03   -0.359844328973393690E+01
    0.388741341005401336E-03    0.879416573816416417E+03   -0.359897266030311602E+01
    0.414541578061701466E-03    0.879278055638026217E+03   -0.359994807243347159E+01
    0.480616235427316213E-03    0.878972263986401572E+03   -0.360217046737670898E+01
    0.757761641913153516E-03    0.878051664435801854E+03   -0.360952733755111677E+01
    0.761255314351548550E-03    0.878032464594853991E+03   -0.360969302647820056E+01
    0.796032791757410730E-03    0.877933121433683027E+03   -0.361055937409400940E+01
    0.851799372785747889E-03    0.877787700152726984E+03   -0.361185584664344805E+01
    0.893599012613106218E-03    0.877681887909424177E+03   -0.361282131658304362E+01
    0.101425106132460737E-02    0.877418590698026492E+03   -0.361531050205230731E+01
    0.100983368815353905E-02    0.877417320332860982E+03   -0.361532282792885962E+01
    0.100656381791456423E-02    0.877413806897331369E+03   -0.361535693388891088E+01
    0.119207345070667802E-02    0.877065503264130484E+03   -0.361886422122903095E+01
    0.151199594244926698E-02    0.876580030448683829E+03   -0.362422952651977548E+01
    0.154065765544539671E-02    0.876532472888547545E+03   -0.362478965520858765E+01
    0.180083459420778461E-02    0.876210391195276316E+03   -0.362877250313758859E+01
    0.191540426491551498E-02    0.876077034227565264E+03   -0.363052833959059207E+01
    0.200722675428405706E-02    0.875973383546784135E+03   -0.363194148827901353E+01
    0.199958032162437117E-02    0.875971016998355140E+03   -0.363197427430429931E+01
    0.204476116944236072E-02    0.875916329646829013E+03   -0.363273862714319495E+01
    0.210316431514573051E-02    0.875850005582348217E+03   -0.363368340127805345E+01
    0.218391119809994158E-02    0.875764656843369949E+03   -0.363492927551269540E+01
    0.222427819840305364E-02    0.875718026721510000E+03   -0.363562496304512006E+01
    0.222755544755146896E-02    0.875705082092396651E+03   -0.363582003584158286E+01
    0.225420896778764273E-02    0.875671293394910208E+03   -0.363633330805480881E+01
    0.229467690369030732E-02    0.875625707535268816E+03   -0.363703536737634137E+01
    0.242279862544544965E-02    0.875507044979494367E+03   -0.363891721963882464E+01
    0.242421044304329172E-02    0.875495879875309242E+03   -0.363909852089681873E+01
    0.278405370378160969E-02    0.875209075572185611E+03   -0.364403697252273551E+01
    0.293803950654444130E-02    0.875091406588242990E+03   -0.364624088859607021E+01
    0.293228145907724076E-02    0.875085330087041484E+03   -0.364635789394378662E+01
    0.291972477670987421E-02    0.875083912922487684E+03   -0.364638522902382878E+01
    0.293267667487665321E-02    0.875065060543224718E+03   -0.399681043940602310E+01
    0.291829446937934582E-02    0.875064892917447423E+03   -0.399676441055289278E+01
    0.290778145593007832E-02    0.875062110828778941E+03   -0.399600242972373954E+01
    0.289553431186194551E-02    0.875060552321704563E+03   -0.399557718038558951E+01
    0.288312977879831567E-02    0.875059138771390622E+03   -0.399519247412681588E+01
    0.291090822565731946E-02    0.875029961362009431E+03   -0.398745372891426086E+01
    0.290543836658811380E-02    0.875023723077784098E+03   -0.398584689910387358E+01
    0.290027657016002751E-02    0.875017279434129136E+03   -0.398420394062995920E+01
    0.290034326574851098E-02    0.875007233442086658E+03   -0.398167554736137408E+01
    0.288654226121519116E-02    0.875006772964259085E+03   -0.398156059980392474E+01
    0.287362472000931646E-02    0.875005743233977000E+03   -0.398130384769115775E+01
    0.286744670225874123E-02    0.875000047671027687E+03   -0.397989104828278339E+01
    0.285595958784067190E-02    0.874998075848137660E+03   -0.397940479516983014E+01
    0.285021648752773263E-02    0.874992101733197160E+03   -0.397794041967505896E+01
    0.283688571531495910E-02    0.874991477894308900E+03   -0.397778826365049643E+01
    0.283958922605641014E-02    0.874979572831061887E+03   -0.397491152397955672E+01
    0.282577704135502728E-02    0.874979324865733929E+03   -0.397485214195780578E+01
    0.281557645716089223E-02    0.874976557594768792E+03   -0.397419090374215500E+01
    0.280375685777418037E-02    0.874974971131503594E+03   -0.397381302118301383E+01
    0.279309422798188064E-02    0.874972591589885496E+03   -0.397324786393013785E+01
    0.278261192425245532E-02    0.874970111581644574E+03   -0.397266091176166913E+01
    0.277998324859847013E-02    0.874962001833059958E+03   -0.397075606342961862E+01
    0.276990505781669720E-02    0.874959265548149915E+03   -0.397011829614154887E+01
    0.277591547030015375E-02    0.874944930453058987E+03   -0.396681673526763934E+01
    0.277565293780426391E-02    0.874935119612213043E+03   -0.396459442590366118E+01
    0.276790266095606769E-02    0.874930711894465617E+03   -0.396360556483268756E+01
    0.275719466448644691E-02    0.874928464163246190E+03   -0.396310353279113770E+01
    0.274507902962853540E-02    0.874927271907180739E+03   -0.396283785104751596E+01
    0.275699140741616057E-02    0.874908611606272416E+03   -0.395873337388038626E+01
    0.274612268762235807E-02    0.874906511667029235E+03   -0.395827766060829145E+01
    0.274021086008485347E-02    0.874900821889712006E+03   -0.395704902410507220E+01
    0.273324548866566959E-02    0.874895912183475502E+03   -0.395599592328071603E+01
    0.273817545769387957E-02    0.874882308022574193E+03   -0.365046943533315993E+01
    0.272458451625846344E-02    0.874882259746275736E+03   -0.395310124188766610E+01
    0.271668238529610513E-02    0.874878068787927759E+03   -0.395222235918045062E+01
    0.270475875403480273E-02    0.874876866190817736E+03   -0.395197098986704676E+01
    0.269151819485393892E-02    0.874876680798835423E+03   -0.395193227145793724E+01
    0.270446820673422156E-02    0.874857081043921880E+03   -0.394788706261479128E+01
    0.269265797834383411E-02    0.874855834033447195E+03   -0.394763285116918583E+01
    0.267941850284473485E-02    0.874855692048201718E+03   -0.394760393000776588E+01
    0.267558963400155560E-02    0.874848552077092677E+03   -0.394615571967209799E+01
    0.267474258564463557E-02    0.874839185344956604E+03   -0.394427381909090613E+01
    0.269581936052128157E-02    0.874813487260998158E+03   -0.393921131401052804E+01
    0.270541118865668144E-02    0.874796383814380761E+03   -0.393591973781585702E+01
    0.270679073780744029E-02    0.874785364229968081E+03   -0.365258820454964361E+01
    0.269604687403630439E-02    0.874783318478238925E+03   -0.393344505916229981E+01
    0.271036759196134234E-02    0.874762723100094490E+03   -0.365309944858923785E+01
    0.271026877745527773E-02    0.874752796017367928E+03   -0.365332567250273677E+01
    0.272980224710788356E-02    0.874728433297828019E+03   -0.392339781522750863E+01
    0.271869829239606469E-02    0.874726585243490376E+03   -0.392306871414184588E+01
    0.271134764902834736E-02    0.874722000039561635E+03   -0.392225463352451831E+01
    0.270440379788498440E-02    0.874717128675922822E+03   -0.392139353752136222E+01
    0.270818011827333137E-02    0.874704337904594695E+03   -0.365444869882678169E+01
    0.270621254736768020E-02    0.874695791490334614E+03   -0.365465008616447440E+01
    0.270213641712894418E-02    0.874688806185604676E+03   -0.391646194513592860E+01
    0.269181112958036869E-02    0.874686463138195222E+03   -0.391605951786041251E+01
    0.268440015593697599E-02    0.874681977042276685E+03   -0.391529131011441445E+01
    0.268279736684686387E-02    0.874673171549563563E+03   -0.391379209690198149E+01
    0.267858329847611753E-02    0.874666315567495985E+03   -0.391263261208907931E+01
    0.267625440777648563E-02    0.874658055221225368E+03   -0.391124451756477365E+01
    0.266723157022574417E-02    0.874654809498237341E+03   -0.391070171594619742E+01
    0.265424277924619471E-02    0.874654572820144608E+03   -0.391066219210624677E+01
    0.264873226628344971E-02    0.874648729366157909E+03   -0.390968881845474225E+01
    0.263837631070731665E-02    0.874646564248811956E+03   -0.390932935066131426E+01
    0.264773040189494316E-02    0.874629485995223945E+03   -0.390651592612266541E+01
    0.263466465576682159E-02    0.874629379819999144E+03   -0.390649855542368396E+01
    0.262764704094483074E-02    0.874624714068053208E+03   -0.390573666095733651E+01
    0.261926178761839315E-02    0.874621106601820543E+03   -0.390514949828378066E+01
    0.260960719414288266E-02    0.874618492217700918E+03   -0.390472500920295706E+01
    0.259714119389343762E-02    0.874618069038503222E+03   -0.390465638041496277E+01
    0.258727805031952257E-02    0.874615678882544557E+03   -0.390426918270113799E+01
    0.257550403700770826E-02    0.874614801122084941E+03   -0.390412716865539533E+01
    0.256562916487677612E-02    0.874612484163069894E+03   -0.390375276803970328E+01
    0.256126753831984258E-02    0.874605887100840391E+03   -0.390269039054471589E+01
    0.255652617494452712E-02    0.874599592888918210E+03   -0.390168175772892845E+01
    0.254596426436140034E-02    0.874597872708973682E+03   -0.390140693784610360E+01
    0.253632829729432980E-02    0.874595456671129796E+03   -0.390102154612541208E+01
    0.258263735566999090E-02    0.874549269421678332E+03   -0.389378336071968079E+01
    0.257204719278654285E-02    0.874547487327300928E+03   -0.365831923484802246E+01
    0.257430230686568054E-02    0.874535734539835858E+03   -0.389170649051666251E+01
    0.256261065100031908E-02    0.874534838588239836E+03   -0.365864874373905069E+01
    0.256580160532810181E-02    0.874522349744067355E+03   -0.388967119871543332E+01
    0.256654694757766028E-02    0.874511768846455197E+03   -0.388807491945710337E+01
    0.256180192028828291E-02    0.874505469865060377E+03   -0.388712980052147428E+01
    0.255589600745589939E-02    0.874500085937003291E+03   -0.388632498216382993E+01
    0.255255907960028582E-02    0.874492698803925578E+03   -0.388522514661520368E+01
    0.254859199041485539E-02    0.874485809544956965E+03   -0.388420398235321063E+01
    0.254607999512287096E-02    0.874477781797932380E+03   -0.366017120910806426E+01
    0.255749643111839210E-02    0.874458833990289691E+03   -0.388024628537218819E+01
    0.254523904293945356E-02    0.874458442492879840E+03   -0.388018931150436419E+01
    0.254534185304610252E-02    0.874448361708302286E+03   -0.366098058223724365E+01
    0.253573061438449980E-02    0.874445928024418890E+03   -0.387837486811460597E+01
    0.253848837816757081E-02    0.874433754082727546E+03   -0.387662211189906269E+01
    0.253461635279451621E-02    0.874426807066121569E+03   -0.387562720176448172E+01
    0.253021543388976542E-02    0.874420282735362093E+03   -0.387469625050984456E+01
    0.252634080278612595E-02    0.874413347771470171E+03   -0.387371027751985375E+01
    0.251893565923764226E-02    0.874409218727340885E+03   -0.387312495445941884E+01
    0.251145593824718578E-02    0.874405166356950076E+03   -0.387255173219892690E+01
    0.250896587384671519E-02    0.874397150305469040E+03   -0.387142137475858394E+01
    0.249872985300712402E-02    0.874395326549117954E+03   -0.387116485238075247E+01
    0.250514124502995575E-02    0.874380201400683291E+03   -0.386904646504475691E+01
    0.249578628048434913E-02    0.874377683992990228E+03   -0.386869542461907479E+01
    0.250065074092164445E-02    0.874363789648317606E+03   -0.386676560469189656E+01
    0.248925099903283360E-02    0.874362927913810950E+03   -0.386664633750915510E+01
    0.247925032112497612E-02    0.874360979187842418E+03   -0.386637680530548078E+01
    0.246709822002154659E-02    0.874360806336456449E+03   -0.386635290980339041E+01
    0.246168089656438735E-02    0.874355202821273906E+03   -0.386557930707931519E+01
    0.245659601375930285E-02    0.874349338322149151E+03   -0.386477181908522738E+01
    0.244944511625173542E-02    0.874345168605574941E+03   -0.386419900141974670E+01
    0.243809649994914312E-02    0.874344456413302396E+03   -0.366398675748448222E+01
    0.243453532302909505E-02    0.874337379825276457E+03   -0.386313188672065744E+01
    0.242766302056030871E-02    0.874333033487722560E+03   -0.386253801073667358E+01
    0.241806963882077678E-02    0.874330952533156960E+03   -0.386225407294030898E+01
    0.241714726336823881E-02    0.874321715581005492E+03   -0.386099680662155142E+01
    0.240611968526867163E-02    0.874320860915428739E+03   -0.386088072657585135E+01
    0.241102660083255269E-02    0.874306786372560737E+03   -0.385897508885109808E+01
    0.239929885622969285E-02    0.874306538534192441E+03   -0.385894163151488057E+01
    0.239532495162056739E-02    0.874299853835395083E+03   -0.385804048336887728E+01
    0.239249782524215407E-02    0.874292215766350978E+03   -0.385701374886632298E+01
    0.238123436823765031E-02    0.874291653646357304E+03   -0.385693830847740182E+01
    0.237020146317829883E-02    0.874290941722871253E+03   -0.385684278712057482E+01
    0.236448257999281267E-02    0.874285773205533701E+03   -0.385615009665489206E+01
    0.235795942333341495E-02    0.874281298449298333E+03   -0.385555149080405579E+01
    0.235156942070570982E-02    0.874276725749362186E+03   -0.385494082570075980E+01
    0.234346391797299759E-02    0.874273631353817564E+03   -0.366618511759544674E+01
    0.234730168607121112E-02    0.874260358737550973E+03   -0.366661224593775126E+01
    0.234197464113150523E-02    0.874254902762564257E+03   -0.385204045894627978E+01
    0.233754133696862558E-02    0.874248692304482688E+03   -0.385121912956237811E+01
    0.233520876969957238E-02    0.874240689045082604E+03   -0.366725467374237635E+01
    0.233717744162343288E-02    0.874229003677519813E+03   -0.384862652420997620E+01
    0.234494015995450776E-02    0.874212371870201537E+03   -0.384644897040985878E+01
    0.233502014586140687E-02    0.874210850599337618E+03   -0.384625033736228961E+01
    0.232354552042714820E-02    0.874210703115722936E+03   -0.384623108506202716E+01
    0.232630768713757048E-02    0.874198326983047764E+03   -0.384461842179298419E+01
    0.233602920845040829E-02    0.874179986500050177E+03   -0.384223861098289499E+01
    0.232661103423158818E-02    0.874178066202997570E+03   -0.384199009437036265E+01
    0.231642056925252752E-02    0.874176845364728251E+03   -0.384183216094970703E+01
    0.230911398511750602E-02    0.874173163847598744E+03   -0.366955228412524237E+01
    0.231973138353393704E-02    0.874153988845030085E+03   -0.383888384309629549E+01
    0.230976860253819839E-02    0.874152596942151149E+03   -0.383870479464530945E+01
    0.231028327659290201E-02    0.874142151341910903E+03   -0.367065979493416084E+01
    0.230702479078076853E-02    0.874134974187002058E+03   -0.367092119171790676E+01
    0.230605927696748330E-02    0.874125811382954453E+03   -0.383526916503906268E+01
    0.229872071515164816E-02    0.874122186122282983E+03   -0.383480552099886740E+01
    0.228838564577779971E-02    0.874121198415479398E+03   -0.383467925190925607E+01
    0.227914322805040405E-02    0.874119292446713644E+03   -0.383443565260336428E+01
    0.227097428522350653E-02    0.874116473757156541E+03   -0.383407554461603350E+01
    0.226450620557127171E-02    0.874112178188296980E+03   -0.383352707864131315E+01
    0.227372594074009681E-02    0.874094051898097860E+03   -0.383121666908264169E+01
    0.226670473142840051E-02    0.874090237403760398E+03   -0.383073121840290609E+01
    0.226561772221405824E-02    0.874081196743477449E+03   -0.382958158907886137E+01
    0.227267798233636272E-02    0.874064973908935372E+03   -0.367358047858484449E+01
    0.228004562566657461E-02    0.874048500729013995E+03   -0.367423772617277056E+01
    0.227665882079960752E-02    0.874041473759659539E+03   -0.382454242226793539E+01
    0.227518973743875193E-02    0.874032764737066259E+03   -0.382343941926956177E+01
    0.226691609115772753E-02    0.874030050921707470E+03   -0.382309578940162131E+01
    0.225862466194142299E-02    0.874027379494310026E+03   -0.382275755489557945E+01
    0.225262098793581073E-02    0.874022702793474764E+03   -0.382216548323631278E+01
    0.224550938483140949E-02    0.874019026851196941E+03   -0.382170014381408674E+01
    0.224063339531727513E-02    0.874013374453734968E+03   -0.382098463773727426E+01
    0.223177509025526037E-02    0.874011297090206426E+03   -0.382072167896424109E+01
    0.222397115108668606E-02    0.874008302827719717E+03   -0.382034265328614975E+01
    0.222744085584913746E-02    0.873995184980654813E+03   -0.381868194937705985E+01
    0.221811616780278643E-02    0.873993575111899872E+03   -0.367652783339865730E+01
    0.220805495731163457E-02    0.873992667600676896E+03   -0.381836318660592156E+01
    0.220818015782015117E-02    0.873982554200456775E+03   -0.381708223275056069E+01
    0.219983177598881158E-02    0.873980129853098674E+03   -0.381677506566047686E+01
    0.220191398482073430E-02    0.873968237686580778E+03   -0.381526757101283609E+01
    0.219353552756627705E-02    0.873965862360579195E+03   -0.381496629279595378E+01
    0.218592260997124829E-02    0.873962815663955212E+03   -0.381457976310635871E+01
    0.217819344803633474E-02    0.873959899957694006E+03   -0.381420974319236272E+01
    0.217583483678435207E-02    0.873952066789260925E+03   -0.381321508884429949E+01
    0.217188620942948638E-02    0.873945699615193007E+03   -0.367866387289709218E+01
    0.216402212112302766E-02    0.873942954470535938E+03   -0.367879076817323769E+01
    0.215477611873181275E-02    0.873941517979182208E+03   -0.381187407237674813E+01
    0.214907602128848289E-02    0.873936815652606583E+03   -0.367907638425860783E+01
    0.214179336701206821E-02    0.873933604636945461E+03   -0.381086675035319056E+01
    0.213328606099227533E-02    0.873931564551976408E+03   -0.381060685262547860E+01
    0.212696264275657803E-02    0.873927501691631051E+03   -0.381008899192639650E+01
    0.211954372227690516E-02    0.873924489956703610E+03   -0.367965775557279962E+01
    0.211724983307325088E-02    0.873916655641104171E+03   -0.380870462402873322E+01
    0.210955750482006614E-02    0.873913935212781439E+03   -0.380835692373069090E+01
    0.209997120228430818E-02    0.873913044374185915E+03   -0.380824302132761527E+01
    0.208988893084446990E-02    0.873912669794204817E+03   -0.380819512110129388E+01
    0.208209006487833576E-02    0.873910147180891954E+03   -0.380787243433705846E+01
    0.207670891337539357E-02    0.873905322862173193E+03   -0.368058375292044593E+01
    0.206860800993116959E-02    0.873903139792850993E+03   -0.380697509489881636E+01
    0.205972531527357818E-02    0.873901746373439892E+03   -0.368075962542621404E+01
    0.205199585739681287E-02    0.873899265820072742E+03   -0.380647836312815668E+01
    0.204338713597716640E-02    0.873897674053552464E+03   -0.380627412267147447E+01
    0.203547647770377241E-02    0.873895431771329640E+03   -0.368107260103072154E+01
    0.202609129190318201E-02    0.873894674707099284E+03   -0.368111033753262529E+01
    0.201948864731445275E-02    0.873891202968115294E+03   -0.380544293899937269E+01
    0.201329007682651958E-02    0.873887351161004972E+03   -0.380494749453046444E+01
    0.200469398788131114E-02    0.873885908787836456E+03   -0.380476182780582128E+01
    0.199945214447545989E-02    0.873881145206515498E+03   -0.380414808654279080E+01
    0.200326184605293615E-02    0.873867338086909285E+03   -0.368250500933348279E+01
    0.199466252875487096E-02    0.873865941882032644E+03   -0.380218312112429402E+01
    0.199328626994305395E-02    0.873857322299822272E+03   -0.380106450104339721E+01
    0.201107617842532583E-02    0.873829551655178875E+03   -0.379743409156799316E+01
    0.200252453597146935E-02    0.873828074331950347E+03   -0.379723970055861226E+01
    0.199505065325069741E-02    0.873825552756820571E+03   -0.379690758097428427E+01
    0.198878250823595389E-02    0.873821846343859079E+03   -0.368497925400733939E+01
    0.198606157039436229E-02    0.873814584502350499E+03   -0.379545800146367540E+01
    0.197727120806075098E-02    0.873813456204262820E+03   -0.379530840948500536E+01
    0.196771996131869450E-02    0.873813140652206471E+03   -0.368547732234001169E+01
    0.195946999456926303E-02    0.873811543585579216E+03   -0.379505462050437936E+01
    0.195324752704124568E-02    0.873807904865420596E+03   -0.379457104802131662E+01
    0.194422270855290624E-02    0.873807167114082063E+03   -0.379447288260791105E+01
    0.194272788136804300E-02    0.873798705417411611E+03   -0.379334394443872336E+01
    0.193330279976543359E-02    0.873798431965991199E+03   -0.379330736605563335E+01
    0.192514485740250961E-02    0.873796889206046217E+03   -0.368643065094947797E+01
    0.191600271028953117E-02    0.873796409448853183E+03   -0.368645928005292944E+01
    0.190737200977640371E-02    0.873795438870036946E+03   -0.368651728630065900E+01
    0.189994070181862332E-02    0.873793246284828228E+03   -0.379261252859495857E+01
    0.189055572343519167E-02    0.873793149998229183E+03   -0.379259960562846121E+01
    0.188253167307405418E-02    0.873791656625947667E+03   -0.379239907319210268E+01
    0.188149580878704706E-02    0.873782757430145466E+03   -0.379119999957185483E+01
    0.187943033284764752E-02    0.873774954204098776E+03   -0.379014256029284757E+01
    0.187091755686797940E-02    0.873774033671764300E+03   -0.379001742601394653E+01
    0.186342393086909980E-02    0.873772060399991346E+03   -0.368795156637133381E+01
    0.185727978060839442E-02    0.873768665769644031E+03   -0.378928602644422607E+01
    0.185547593099168249E-02    0.873760609177612423E+03   -0.368868180680734881E+01
    0.185151724701899077E-02    0.873754880764084191E+03   -0.378739367723464948E+01
    0.184307499312360884E-02    0.873754020899763646E+03   -0.378727492919492192E+01
    0.184184931705432355E-02    0.873745351376062558E+03   -0.378607269927679102E+01
    0.183491287137464883E-02    0.873742897639381681E+03   -0.378573073778396374E+01
    0.182587664379230846E-02    0.873742771188130860E+03   -0.368985937237739581E+01
    0.181734961399702532E-02    0.873742133269717215E+03   -0.378562405472693086E+01
    0.180849708049438053E-02    0.873741899320892003E+03   -0.378559138736980572E+01
    0.180383898378919214E-02    0.873737057311958324E+03   -0.369024762075935309E+01
    0.179661618773827828E-02    0.873735081637101530E+03   -0.378463622031918101E+01
    0.178828606965069736E-02    0.873734376320729893E+03   -0.378453704556450976E+01
    0.177939145576146889E-02    0.873734348782931875E+03   -0.378453317207185336E+01
    0.177180390968094382E-02    0.873732895265843467E+03   -0.369053399562835693E+01
    0.176429786393106900E-02    0.873731386036193499E+03   -0.378411581080708537E+01
    0.175831100523111288E-02    0.873728184252727488E+03   -0.378366337418556231E+01
    0.174966146657595410E-02    0.873728046993958401E+03   -0.378364394531833348E+01
    0.174262069893453943E-02    0.873726111379190911E+03   -0.378336966605056624E+01
    0.173590715753613937E-02    0.873723831368808646E+03   -0.369116849053577800E+01
    0.173296041894265419E-02    0.873717229295350648E+03   -0.369164041940921228E+01
    0.172578298670798803E-02    0.873715529931385845E+03   -0.378186017497480487E+01
    0.172025227087684897E-02    0.873711949738690805E+03   -0.378134539998823493E+01
    0.171195015979889553E-02    0.873711625307003146E+03   -0.378129864648574721E+01
    0.170446021588950797E-02    0.873710394693681678E+03   -0.369213809040309293E+01
    0.169675156250868723E-02    0.873709460482091572E+03   -0.378098621962517978E+01
    0.169044336997064594E-02    0.873706909949815667E+03   -0.378061709403991708E+01
    0.168370827721898465E-02    0.873704894299543753E+03   -0.378032457232475272E+01
    0.167578217595352628E-02    0.873704331583063436E+03   -0.378024277881496040E+01
    0.167337390906858595E-02    0.873697207850682958E+03   -0.369312621396015706E+01
    0.167187763456789562E-02    0.873688996983226161E+03   -0.369376136064529437E+01
    0.166492546914577240E-02    0.873687330918751400E+03   -0.377774343658985412E+01
    0.165734763540717738E-02    0.873686454608034751E+03   -0.369396130923712107E+01
    0.164920257668447296E-02    0.873686307868592962E+03   -0.377759118909944602E+01
    0.164225322862540180E-02    0.873684753199530064E+03   -0.377735940188397779E+01
    0.163776606824484567E-02    0.873680225317555823E+03   -0.377668134323224214E+01
    0.163088926506740005E-02    0.873678640782170305E+03   -0.369458604332412355E+01
    0.162702777878580350E-02    0.873673381833630970E+03   -0.377564770607372324E+01
    0.162058071929127643E-02    0.873671322529644613E+03   -0.369518580436706534E+01
    0.161310798193391972E-02    0.873670566153691311E+03   -0.377521920204162598E+01
    0.160582563394314599E-02    0.873669615561084015E+03   -0.377507409667374905E+01
    0.159797285529631643E-02    0.873669419916007428E+03   -0.369534416365333040E+01
    0.159205132118539505E-02    0.873666844989404581E+03   -0.369556013386134907E+01
    0.158529739004130725E-02    0.873665347602029442E+03   -0.369568661549295241E+01
    0.158170460867227162E-02    0.873659885373602265E+03   -0.377357545819388829E+01
    0.157386534433207200E-02    0.873659822444348720E+03   -0.369615913633169990E+01
    0.156658754139975720E-02    0.873659092210494805E+03   -0.377345218062400800E+01
    0.155932577477336837E-02    0.873658384572700925E+03   -0.377334204842898080E+01
    0.155338122581490448E-02    0.873656023654933051E+03   -0.377297359108924857E+01
    0.154759520512852064E-02    0.873653487145907434E+03   -0.377257594743501512E+01
    0.154014845632013822E-02    0.873653134013086287E+03   -0.377252043830677852E+01
    0.163258675940259712E-02    0.873536551851988861E+03   -0.371094868183135995E+01
    0.167064557365445218E-02    0.873490463058174555E+03   -0.372834222912788382E+01
    0.166950270270897392E-02    0.873491831705187224E+03   -0.373281544446945190E+01
    0.161952962163168686E-02    0.873552611803604236E+03   -0.375430395603179923E+01
    0.166668961554819538E-02    0.873495204517734123E+03   -0.373578290343284625E+01
    0.157782828708325743E-02    0.873604784504336976E+03   -0.376449838876724252E+01
    0.160514027456151037E-02    0.873570461001247054E+03   -0.375806155204772940E+01
    0.166951525629040393E-02    0.873491816666536238E+03   -0.373279698491096479E+01
    0.166067662832801053E-02    0.873502433050243098E+03   -0.373970935344696054E+01
    0.165986307173029632E-02    0.873503413079620827E+03   -0.374014275670051566E+01
    0.160003049010538261E-02    0.873576837932974286E+03   -0.375932416319847107E+01
    0.164569123106879898E-02    0.873520562309304069E+03   -0.374619013071060181E+01
    0.162274996631897833E-02    0.873548638863382507E+03   -0.370885810852050790E+01
    0.163260024393022877E-02    0.873536535332839890E+03   -0.371095173954963675E+01
    0.154571088836335342E-02    0.873645915450846132E+03   -0.377137746214866620E+01
    0.154624752304978203E-02    0.873645221218103757E+03   -0.369745497107505816E+01
    0.154875398053104735E-02    0.873641981855504014E+03   -0.377074768543243399E+01
    0.164692711705522322E-02    0.873519060907181142E+03   -0.374573622941970807E+01
    0.155767815792084139E-02    0.873630490599242648E+03   -0.376887738108634940E+01
    0.165292899898212479E-02    0.873511785573549332E+03   -0.374337125420570382E+01
    0.162437462657506423E-02    0.873546637510683922E+03   -0.375295425653457659E+01
    0.166048230874396205E-02    0.873502667088526664E+03   -0.371949262619018572E+01
    0.165430327549074109E-02    0.873510123426504720E+03   -0.374278326630592328E+01
    0.166423991939951559E-02    0.873498146275059980E+03   -0.373758538993454836E+01
    0.157034289842851167E-02    0.873614295299423702E+03   -0.370046787626511620E+01
    0.165840676763622180E-02    0.873505168577826907E+03   -0.371858295818429463E+01
    0.160156719509951698E-02    0.873574918010156694E+03   -0.375894781073418516E+01
    0.167067821752414462E-02    0.873490423979208572E+03   -0.372998957401640530E+01
    0.166093272083845766E-02    0.873502124654542058E+03   -0.373956965998941104E+01
    0.164408973174505631E-02    0.873522509550738505E+03   -0.374676456281678538E+01
    0.166958468936571620E-02    0.873491733490738625E+03   -0.372591851665309992E+01
    0.161390943786957433E-02    0.873559564387918954E+03   -0.375581172315058254E+01
    0.165584574743215650E-02    0.873508259495857033E+03   -0.371756693932236626E+01
    0.162375423190844951E-02    0.873547401513223463E+03   -0.370906001528078999E+01
    0.164411926545537652E-02    0.873522473623934161E+03   -0.374675410221810834E+01
    0.163624185098284027E-02    0.873532079187876775E+03   -0.374939507100843272E+01
    0.165148748635368246E-02    0.873513530526373870E+03   -0.371603414190604608E+01
    0.166395292961730437E-02    0.873498491194715712E+03   -0.373777377793325982E+01
    0.159531208522578063E-02    0.873582744540103704E+03   -0.370404990713958115E+01
    0.165354733331127528E-02    0.873511037545407930E+03   -0.371673237026983738E+01
    0.166671666292941595E-02    0.873495172061586914E+03   -0.373576047140373779E+01
    0.156671859469994807E-02    0.873618916573630827E+03   -0.369999091659244428E+01
    0.157838242358627383E-02    0.873604082223583873E+03   -0.370156106202210955E+01
    0.165649529477738611E-02    0.873507475099147541E+03   -0.374179862422999898E+01
    0.159349493981653231E-02    0.873585023945024318E+03   -0.370376883959257652E+01
    0.163215774513614633E-02    0.873537077484874771E+03   -0.375066729821659894E+01
    0.165466849420262195E-02    0.873509681937439495E+03   -0.374262342434278850E+01
    0.154601292132376862E-02    0.873645524687660327E+03   -0.377131512524985624E+01
    0.159061271927361911E-02    0.873588644703665295E+03   -0.376157430397136228E+01
    0.166356344293698034E-02    0.873498959395786414E+03   -0.372104710600406907E+01
    0.166822431169413627E-02    0.873493363755078462E+03   -0.373436918531717099E+01
    0.155124744214631561E-02    0.873638764486460559E+03   -0.369805171344155781E+01
    0.166793766431711215E-02    0.873493707440282947E+03   -0.372407750366386248E+01
    0.155793494057969179E-02    0.873630160927166799E+03   -0.376882301070864667E+01
    0.166396016147374705E-02    0.873498482502353568E+03   -0.373776907671487990E+01
    0.166390995051001519E-02    0.873498542854425068E+03   -0.373780166956073501E+01
    0.156471976588378912E-02    0.873621469814483703E+03   -0.376737407361374554E+01
    0.164430871215293464E-02    0.873522243183493856E+03   -0.374668688640688963E+01
    0.158742121823253523E-02    0.873592661655248207E+03   -0.370285506821089561E+01
    0.159202154787640385E-02    0.873586874058876674E+03   -0.376124342518277244E+01
    0.163108571389528252E-02    0.873538391553276824E+03   -0.375099227772903632E+01
    0.161572293662736290E-02    0.873557318313148699E+03   -0.370750625702028813E+01
    0.166426524012710272E-02    0.873498115846112000E+03   -0.372144848135677364E+01
    0.164185081282405962E-02    0.873525235003907369E+03   -0.374754408758533231E+01
    0.163959045976485641E-02    0.873527990321743573E+03   -0.374830620237378476E+01
    0.161440618323261818E-02    0.873558948902414727E+03   -0.375568071480806642E+01
    0.158778942967929197E-02    0.873592197797584276E+03   -0.376223185216595990E+01
    0.164739739831137248E-02    0.873518489887225883E+03   -0.371475859101513217E+01
    0.159736394961777599E-02    0.873580173825565680E+03   -0.375997077850155126E+01
    0.156776040992543438E-02    0.873617587082812975E+03   -0.370012706551895443E+01
    0.158486500513204255E-02    0.873595884836857635E+03   -0.370248154809562990E+01
    0.167072577362654680E-02    0.873490367049723204E+03   -0.372903840039244017E+01
    0.159180239710229811E-02    0.873587149389143974E+03   -0.376129501940078370E+01
    0.167029219646723645E-02    0.873490886145598324E+03   -0.372718403014918476E+01
    0.159634548718224582E-02    0.873581449411200765E+03   -0.376021567729934736E+01
    0.159482493583131056E-02    0.873583355359507436E+03   -0.376057926271264575E+01
    0.159243543433744243E-02    0.873586354175624137E+03   -0.376114585818284963E+01
    0.155175297758865217E-02    0.873638112813397811E+03   -0.377012319632580084E+01
    0.164935144318164488E-02    0.873516119011926548E+03   -0.374481581420417609E+01
    0.162419061424428691E-02    0.873546864087424524E+03   -0.370914848980426504E+01
    0.166014884670254593E-02    0.873503068773660516E+03   -0.371934026557311448E+01
    0.166898049650655205E-02    0.873492457385983585E+03   -0.372514192297248492E+01
    0.166929601924786027E-02    0.873492079319348591E+03   -0.372552645819647577E+01
    0.167072720025679194E-02    0.873490365341926918E+03   -0.372945210911863079E+01
    0.167004966800554980E-02    0.873491176569120171E+03   -0.372667728776962814E+01
    0.166877781419913821E-02    0.873492700282309556E+03   -0.372491354332603253E+01
    0.167012993787645100E-02    0.873491080442707357E+03   -0.372683297411838943E+01
    0.159830559673673810E-02    0.873578995171599672E+03   -0.375974334621998585E+01
    0.156657285659505597E-02    0.873619102624762377E+03   -0.376697397558823344E+01
    0.165799339557984142E-02    0.873505667157055200E+03   -0.371841179839715119E+01
    0.162193358307526894E-02    0.873549645289122964E+03   -0.375364054839469974E+01
    0.163330843857026819E-02    0.873535667954453061E+03   -0.371111316883499498E+01
    0.158471252036622347E-02    0.873596077272303319E+03   -0.370245946248091995E+01
    0.166785047745856966E-02    0.873493811987520189E+03   -0.372399871844378394E+01
    0.164935711684195620E-02    0.873516112132070134E+03   -0.371535322995346728E+01
    0.159808451898421264E-02    0.873579271830887023E+03   -0.375979683012048849E+01
    0.154191573728360270E-02    0.873650832046602204E+03   -0.377215768082448433E+01
    0.166855049510748255E-02    0.873492972738682965E+03   -0.373401879936121261E+01
    0.166260349409426043E-02    0.873500113816340217E+03   -0.373861392894244382E+01
    0.159919087250508891E-02    0.873577887710434993E+03   -0.370466267135866412E+01
    0.159646118966231274E-02    0.873581304457256692E+03   -0.370422958436630712E+01
    0.165597528552897011E-02    0.873508103040425908E+03   -0.374203794051244554E+01
    0.160471664374032381E-02    0.873570988913654901E+03   -0.375816747768275183E+01
    0.158457666265707665E-02    0.873596248740038050E+03   -0.376297159523605584E+01
    0.166880191196182867E-02    0.873492671401785742E+03   -0.373373114421294083E+01
    0.161445839472886899E-02    0.873558884221478138E+03   -0.370727330640738728E+01
    0.166947719144528318E-02    0.873491862266933026E+03   -0.372576717452839423E+01
    0.161077491035402083E-02    0.873563452555769572E+03   -0.370661076571679127E+01
    0.162018887995355929E-02    0.873551797833710680E+03   -0.370835350960512367E+01
    0.160014117646528251E-02    0.873576699582446281E+03   -0.370481558654574750E+01
    0.167017044812522086E-02    0.873491031931802240E+03   -0.373165162555337826E+01
    0.166845605186872721E-02    0.873493085945819303E+03   -0.372457478827116972E+01
    0.164789693880939528E-02    0.873517883518931285E+03   -0.371490751515029105E+01
    0.166945003787344467E-02    0.873491894796628912E+03   -0.373289190548272209E+01
    0.163264229264831759E-02    0.873536483822157152E+03   -0.371096127822072752E+01
    0.163702057613944419E-02    0.873531127568275679E+03   -0.371198805420376621E+01
    0.166817484811012978E-02    0.873493423056836605E+03   -0.372429851714926219E+01
    0.160118502464490545E-02    0.873575395312714249E+03   -0.370498487286377332E+01
    0.158102129509483610E-02    0.873600741248694703E+03   -0.376378034001967698E+01
    0.166934209261598420E-02    0.873492024119154280E+03   -0.373304399712908053E+01
    0.163108876773051191E-02    0.873538387808737411E+03   -0.371061261790719366E+01
    0.154382233771266277E-02    0.873648360546266986E+03   -0.377176641748271413E+01
    0.166439473390916416E-02    0.873497960235406026E+03   -0.372152500893857408E+01
    0.156997788264766455E-02    0.873614760240183500E+03   -0.376623355691441297E+01
    0.160042724343878754E-02    0.873576342062235199E+03   -0.370486184094498450E+01
    0.164909178455398459E-02    0.873516433898205037E+03   -0.374491644741989482E+01
    0.159424568974992882E-02    0.873584081898560044E+03   -0.370388451345630720E+01
    0.165662693091483439E-02    0.873507316172155356E+03   -0.374173743175284557E+01
    0.154069915834614216E-02    0.873652410679083800E+03   -0.377240662176581232E+01
    0.163140871379525076E-02    0.873537995537396114E+03   -0.375089472901349774E+01
    0.165605868727665699E-02    0.873508002314710666E+03   -0.371764766032231009E+01
    0.167013984878178071E-02    0.873491068574318319E+03   -0.373171660947496608E+01
    0.162625745225916944E-02    0.873544320637104875E+03   -0.370957386351499485E+01
    0.162645389934127000E-02    0.873544079057621047E+03   -0.375235880881468287E+01
    0.162234752431002910E-02    0.873549134924918008E+03   -0.370877785136212657E+01
    0.166518948564352417E-02    0.873497005459437560E+03   -0.372201383065326175E+01
    0.166396312854372934E-02    0.873498478936081483E+03   -0.372127301824455925E+01
    0.165118222173178089E-02    0.873513900244995170E+03   -0.371593415825245899E+01
    0.166907581889744194E-02    0.873492343160959308E+03   -0.373339631683670126E+01
    0.156055617939812922E-02    0.873626798737781087E+03   -0.376826609748047403E+01
    0.165816739773627978E-02    0.873505457273195589E+03   -0.371848347849568972E+01
    0.165640350116022343E-02    0.873507585930927007E+03   -0.374184114706431314E+01
    0.156186219691945862E-02    0.873625125653088276E+03   -0.369936599951409306E+01
    0.166074811924153427E-02    0.873502346953559936E+03   -0.373967052088508067E+01
    0.160051968646868778E-02    0.873576226542631844E+03   -0.375920465681506899E+01
    0.165926224106422880E-02    0.873504137162764437E+03   -0.371894717633288385E+01
    0.159602235519868741E-02    0.873581854291841864E+03   -0.376029314562327199E+01
    0.158636536729513762E-02    0.873593992369772195E+03   -0.370270002598609516E+01
    0.167072107314614453E-02    0.873490372676603556E+03   -0.372895084939772303E+01
    0.166525284367258935E-02    0.873496929363804838E+03   -0.373688727206532478E+01
    0.154258711218622883E-02    0.873649961403978750E+03   -0.369702642830900485E+01
    0.155847580864770189E-02    0.873629466707929396E+03   -0.376870838162021071E+01
    0.160097909075006695E-02    0.873575652556113027E+03   -0.370495136472968678E+01
    0.161872995336040685E-02    0.873553599579005208E+03   -0.375452205896417812E+01
    0.166575971321608640E-02    0.873496320696573775E+03   -0.373651525363469350E+01
    0.156907074481041700E-02    0.873615916180049567E+03   -0.376643149459152982E+01
    0.159534380865703688E-02    0.873582704769683687E+03   -0.370405484708405552E+01
    0.154553484739488852E-02    0.873646143243760321E+03   -0.377141377849063142E+01
    0.166066516753461376E-02    0.873502446852849516E+03   -0.371957729486768773E+01
    0.165119922933346596E-02    0.873513879644586723E+03   -0.371593970652176031E+01
    0.166380525559047692E-02    0.873498668700434223E+03   -0.372118296630555800E+01
    0.165787062138022883E-02    0.873505815262283932E+03   -0.371836153570608419E+01
    0.166597461602690199E-02    0.873496062689434098E+03   -0.373635217367120953E+01
    0.159730218516868343E-02    0.873580251160030684E+03   -0.370436206217923614E+01
    0.164530180911532970E-02    0.873521035627783363E+03   -0.371415195354039751E+01
    0.165383216517107608E-02    0.873510693064999032E+03   -0.371683239668528254E+01
    0.154619659802999131E-02    0.873645287088357577E+03   -0.369744896176478965E+01
    0.160268947382879155E-02    0.873573517025290471E+03   -0.370523134958252598E+01
    0.166557811292037772E-02    0.873496538747465479E+03   -0.373665049834740870E+01
    0.160877920699150148E-02    0.873565932034039406E+03   -0.370626117554263690E+01
    0.166522927539311093E-02    0.873496957669952280E+03   -0.372203924236835348E+01
    0.166640017190664209E-02    0.873495551875484125E+03   -0.373601865748278206E+01
    0.166536045068713286E-02    0.873496800129930989E+03   -0.373680968881444242E+01
    0.163510746287748939E-02    0.873533466246294552E+03   -0.371153092858154876E+01
    0.166261724030593045E-02    0.873500097280641967E+03   -0.373860571012865384E+01
    0.157079888938325865E-02    0.873613714630369259E+03   -0.376605397491796934E+01
    0.166206025468631797E-02    0.873500767403534383E+03   -0.373893377880077482E+01
    0.166173708872521418E-02    0.873501156315286494E+03   -0.373911970428238183E+01
    0.163011089483823144E-02    0.873539587211439198E+03   -0.375128481551476867E+01
    0.167040590304788975E-02    0.873490749998508932E+03   -0.372747167715351768E+01
    0.161614402925170405E-02    0.873556797137455305E+03   -0.375521905867862671E+01
    0.166405642357605587E-02    0.873498366803287922E+03   -0.373770627629272578E+01
    0.155245624920103331E-02    0.873637206596615329E+03   -0.369819804200540858E+01
    0.155416463208398630E-02    0.873635006929362135E+03   -0.369840625926527311E+01
    0.166987385029470107E-02    0.873491387134074785E+03   -0.373222358297678225E+01
    0.159288400652127953E-02    0.873585790876155897E+03   -0.370367516696119159E+01
    0.165397218096082280E-02    0.873510523749313847E+03   -0.374292683234389933E+01
    0.157306603171814582E-02    0.873610830100932048E+03   -0.370083254340188361E+01
    0.162891305883265626E-02    0.873541057389107777E+03   -0.375164056408595759E+01
    0.157790297216147931E-02    0.873604689838382114E+03   -0.376448167893084129E+01
    0.164074136423174657E-02    0.873526586921629359E+03   -0.371291959337956623E+01
    0.160055005497983975E-02    0.873576188594678683E+03   -0.375919722882902319E+01
    0.162870246703550174E-02    0.873541315973088331E+03   -0.375170269770248588E+01
    0.161970965934721809E-02    0.873552389482620697E+03   -0.375425467897557308E+01
    0.161134429366057851E-02    0.873562745712507194E+03   -0.375648180925539776E+01
    0.161711280540064025E-02    0.873555598623105880E+03   -0.370776573004848320E+01
    0.160526016514200907E-02    0.873570311623519501E+03   -0.375803153155436620E+01
    0.166871912139413187E-02    0.873492770625810863E+03   -0.373382775982306292E+01
    0.166354232964490518E-02    0.873498984779159855E+03   -0.373803699414514279E+01
    0.166839373087295699E-02    0.873493160652203869E+03   -0.372451210173824832E+01
