   -0.211763329505920428E+01   -0.826695472681732025E+11   -0.529831319988485294E+01    1
   -0.215518434047698992E+01   -0.450779966646430130E+11   -0.530331319988484751E+01    1
   -0.216580742001533544E+01   -0.379810951342812195E+11   -0.530831319988485095E+01    1
   -0.218289734721183759E+01   -0.288391921417494316E+11   -0.531331319988484285E+01    1
   -0.218381806015968305E+01   -0.284147660109073257E+11   -0.531831319988483830E+01    1
   -0.218434421420097369E+01   -0.281750430236419067E+11   -0.532331319988484530E+01    1
   -0.219018717408180219E+01   -0.256455235386411972E+11   -0.532831319988484609E+01    1
   -0.219956429004669207E+01   -0.220535526195046120E+11   -0.533331319988484154E+01    1
   -0.220066065192222604E+01   -0.216680055124388390E+11   -0.533831319988483788E+01    1
   -0.221412525773048419E+01   -0.174498187694819984E+11   -0.534331319988483511E+01    1
   -0.221733450293540990E+01   -0.165726063211722031E+11   -0.534831319988484299E+01    1
   -0.221800980567932138E+01   -0.163937321471461735E+11   -0.535331319988485443E+01    1
   -0.224305025339126596E+01   -0.109660888689591579E+11   -0.535831319988483568E+01    1
   -0.225808879137039220E+01   -0.861587757567497635E+10   -0.536331319988484623E+01    1
   -0.226467941999435407E+01   -0.775212273092879200E+10   -0.536831319988485056E+01    1
   -0.228066483139991760E+01   -0.600087404919375420E+10   -0.537331319988484601E+01    1
   -0.229243478178977966E+01   -0.497048517645436382E+10   -0.537831319988484857E+01    1
   -0.233311047554016149E+01   -0.259457850928669977E+10   -0.538331319988484491E+01    1
   -0.233892274498939523E+01   -0.236469588615883541E+10   -0.538831319988483948E+01    1
   -0.234042555689811715E+01   -0.230865829657546186E+10   -0.539331319988484825E+01    1
   -0.234652491211891157E+01   -0.209457151223106003E+10   -0.539831319988485436E+01    1
   -0.235444281697273272E+01   -0.184607876611389422E+10   -0.540331319988484537E+01    1
   -0.235503340959548968E+01   -0.182877513410165596E+10   -0.540831319988483905E+01    1
   -0.235716939568519601E+01   -0.176754083218842006E+10   -0.541331319988484161E+01    1
   -0.235979405045509338E+01   -0.169510691087990355E+10   -0.541831319988483973E+01    1
   -0.236030604839324987E+01   -0.168132807769434714E+10   -0.542331319988484406E+01    1
   -0.238372941613197309E+01   -0.115769202199274802E+10   -0.542831319988484751E+01    1
   -0.238547548651695251E+01   -0.112595377452118778E+10   -0.543331319988484829E+01    1
   -0.239056704044342050E+01   -0.103830147014497316E+10   -0.543831319988484552E+01    1
   -0.239100100994110143E+01   -0.103115498092657030E+10   -0.544331319988483830E+01    1
   -0.239349440932273883E+01   -0.991040282311666369E+09   -0.544831319988483820E+01    1
   -0.239732969403266916E+01   -0.932371297294423103E+09   -0.545331319988484342E+01    1
   -0.240219995975494394E+01   -0.862863837261768222E+09   -0.545831319988484953E+01    1
   -0.241585006713867223E+01   -0.694520120985823035E+09   -0.546331319988484410E+01    1
   -0.241779828667640695E+01   -0.673344503855584502E+09   -0.546831319988483777E+01    1
   -0.242478709816932714E+01   -0.602571264083558917E+09   -0.547331319988483678E+01    1
   -0.242923109531402570E+01   -0.561500259381020427E+09   -0.547831319988484022E+01    1
   -0.244205290079116821E+01   -0.458071522512510180E+09   -0.548331319988484100E+01    1
   -0.244340679049491882E+01   -0.448332786609977305E+09   -0.548831319988484623E+01    1
   -0.245170928835868818E+01   -0.392991102263589025E+09   -0.549331319988485411E+01    1
   -0.247497659921646118E+01   -0.271744003988373816E+09   -0.549831319988485046E+01    1
   -0.247687476277351415E+01   -0.263692076491738498E+09   -0.550331319988484413E+01    1
   -0.248149746656417847E+01   -0.245069591389792085E+09   -0.550831319988484491E+01    1
   -0.249652717113494882E+01   -0.193162963663327992E+09   -0.551331319988484569E+01    1
   -0.249892396926879901E+01   -0.185971807085179090E+09   -0.551831319988484470E+01    1
   -0.249955012202262861E+01   -0.184137800716559798E+09   -0.552331319988484637E+01    1
   -0.250795227885246286E+01   -0.161212756691093028E+09   -0.552831319988484449E+01    1
   -0.253866139650344858E+01   -0.992089356419745088E+08   -0.553331319988484527E+01    1
   -0.254722108244895917E+01   -0.866632560150028318E+08   -0.553831319988484871E+01    1
   -0.256114242076873788E+01   -0.695650417868621945E+08   -0.554331319988485038E+01    1
   -0.257235745191574106E+01   -0.582836139311712608E+08   -0.554831319988485117E+01    1
   -0.258928860425949114E+01   -0.446283485258387998E+08   -0.555331319988485106E+01    1
   -0.258996730446815526E+01   -0.441535176245204359E+08   -0.555831319988484740E+01    1
   -0.259952618479728681E+01   -0.379798090289453417E+08   -0.556331319988484108E+01    1
   -0.260418274998664856E+01   -0.352937359960528314E+08   -0.556831319988484541E+01    1
   -0.261305670142173785E+01   -0.306909442205870934E+08   -0.557331319988484619E+01    1
   -0.262472846508026159E+01   -0.255402924120732695E+08   -0.557831319988484164E+01    1
   -0.264343479275703430E+01   -0.190301243645438701E+08   -0.558331319988483532E+01    1
   -0.264483873844146711E+01   -0.186146732619252503E+08   -0.558831319988483610E+01    1
   -0.264563102722167987E+01   -0.183842489137356244E+08   -0.559331319988483600E+01    1
   -0.265958316922187787E+01   -0.147643784811538719E+08   -0.559831319988484122E+01    1
   -0.266654525399208087E+01   -0.132347822536335792E+08   -0.560331319988485266E+01    1
   -0.267041360735893285E+01   -0.124546453048292212E+08   -0.560831319988485166E+01    1
   -0.268467639088630694E+01   -0.995599900265050307E+07   -0.561331319988484800E+01    1
   -0.268710387945175189E+01   -0.958384132414654642E+07   -0.561831319988484346E+01    1
   -0.269123293161392230E+01   -0.898257398792432435E+07   -0.562331319988484069E+01    1
   -0.270948162078857457E+01   -0.674679406090909615E+07   -0.562831319988483703E+01    1
   -0.272334984540939340E+01   -0.542869398394164536E+07   -0.563331319988483337E+01    1
   -0.272635105252265930E+01   -0.517932328072769661E+07   -0.563831319988483060E+01    1
   -0.272869938015937841E+01   -0.499223577671276033E+07   -0.564331319988483582E+01    1
   -0.273246626257896441E+01   -0.470618046058361232E+07   -0.564831319988484637E+01    1
   -0.273652917742729196E+01   -0.441603541180492658E+07   -0.565331319988485337E+01    1
   -0.273693551421165449E+01   -0.438802292935436126E+07   -0.565831319988484260E+01    1
   -0.273875304460525548E+01   -0.426488865213385690E+07   -0.566331319988483273E+01    1
   -0.274195300340652448E+01   -0.405645539674874628E+07   -0.566831319988483973E+01    1
   -0.274196693301200867E+01   -0.405557077057242952E+07   -0.567331319988485205E+01    1
   -0.274680356383323687E+01   -0.375981396368170064E+07   -0.567831319988484218E+01    1
   -0.274850161671638471E+01   -0.366119061617014883E+07   -0.568331319988483941E+01    1
   -0.276251434683799779E+01   -0.294027939241037890E+07   -0.568831319988484108E+01    1
   -0.276607273817062360E+01   -0.278108005399254104E+07   -0.569331319988483653E+01    1
   -0.277310107350349444E+01   -0.249157679310866445E+07   -0.569831319988483376E+01    1
   -0.277349925637245187E+01   -0.247611073922414705E+07   -0.570331319988484253E+01    1
   -0.278004990816116315E+01   -0.223505502747632889E+07   -0.570831319988485753E+01    1
   -0.278638482093811035E+01   -0.202433489544372610E+07   -0.571331319988484942E+01    1
   -0.278935329914093000E+01   -0.193256432114440249E+07   -0.571831319988485021E+01    1
   -0.279726576805114746E+01   -0.170781187599006342E+07   -0.572331319988484477E+01    1
   -0.280280567407608050E+01   -0.156623272726084804E+07   -0.572831319988484466E+01    1
   -0.280361914038658178E+01   -0.154645854933339427E+07   -0.573331319988485255E+01    1
   -0.280932710766792315E+01   -0.141456936436565639E+07   -0.573831319988484623E+01    1
   -0.281561626791954023E+01   -0.128226685052626813E+07   -0.574331319988484079E+01    1
   -0.282867113947868365E+01   -0.104589774421130121E+07   -0.574831319988483802E+01    1
   -0.283432429432868993E+01   -0.957601811220649164E+06   -0.575331319988485035E+01    1
   -0.283945503234863317E+01   -0.883950454706707736E+06   -0.575831319988484758E+01    1
   -0.284687520861625654E+01   -0.787361619126246311E+06   -0.576331319988484214E+01    1
   -0.285713385343551618E+01   -0.670998612653623219E+06   -0.576831319988483848E+01    1
   -0.286216753721237183E+01   -0.620373770409234217E+06   -0.577331319988484193E+01    1
   -0.286601663827896136E+01   -0.584261550798608689E+06   -0.577831319988485603E+01    1
   -0.286767052412033063E+01   -0.569399470669718692E+06   -0.578331319988485149E+01    1
   -0.286957242488861120E+01   -0.552776646344069159E+06   -0.578831319988485049E+01    1
   -0.287280318737030038E+01   -0.525647017564672977E+06   -0.579331319988485305E+01    1
   -0.288247531652450562E+01   -0.452149438980561623E+06   -0.579831319988484672E+01    1
   -0.289028269052505493E+01   -0.400406340058896982E+06   -0.580331319988483418E+01    1
   -0.290264549851417542E+01   -0.330339711214880925E+06   -0.580831319988483852E+01    1
   -0.290459575653076207E+01   -0.320469324729584972E+06   -0.581331319988483841E+01    1
   -0.292954888939857483E+01   -0.217437171331140329E+06   -0.581831319988483298E+01    1
   -0.293128725886344910E+01   -0.211644241583778086E+06   -0.582331319988483287E+01    1
   -0.293573295474052465E+01   -0.197524091025920265E+06   -0.582831319988482743E+01    1
   -0.294581889510154760E+01   -0.168895404440772312E+06   -0.583331319988483976E+01    1
   -0.295181632637977609E+01   -0.153886560771345161E+06   -0.583831319988485298E+01    1
   -0.295536056160926819E+01   -0.145654166973967425E+06   -0.584331319988483866E+01    1
   -0.296177089810371408E+01   -0.131871202291565744E+06   -0.584831319988482967E+01    1
   -0.296205402016639718E+01   -0.131293611726212170E+06   -0.585331319988482779E+01    1
   -0.297658962011337280E+01   -0.104814552319788418E+06   -0.585831319988484900E+01    1
   -0.298007745742797869E+01   -0.993036214233693754E+05   -0.586331319988484356E+01    1
   -0.298143950104713440E+01   -0.972314650201283948E+05   -0.586831319988484879E+01    1
   -0.298657137155532837E+01   -0.898069556412712845E+05   -0.587331319988484513E+01    1
   -0.300074548125267038E+01   -0.721295890100030665E+05   -0.587831319988484502E+01    1
   -0.300196664333343488E+01   -0.707812149690715014E+05   -0.588331319988485202E+01    1
   -0.300771934390068063E+01   -0.647626814523272842E+05   -0.588831319988484836E+01    1
   -0.301151997447013864E+01   -0.610718338853110690E+05   -0.589331319988484292E+01    1
   -0.302325266599655151E+01   -0.509618374681414934E+05   -0.589831319988485081E+01    1
   -0.302747163772583017E+01   -0.477542795717635017E+05   -0.590331319988485426E+01    1
   -0.303547232747077933E+01   -0.422202149718366345E+05   -0.590831319988484704E+01    1
   -0.304723299145698556E+01   -0.352383755686296718E+05   -0.591331319988483450E+01    1
   -0.304747421145439157E+01   -0.351081068068513923E+05   -0.591831319988484683E+01    1
   -0.305189499258995056E+01   -0.328051902576508073E+05   -0.592331319988484406E+01    1
   -0.306481000185012809E+01   -0.269164957635852770E+05   -0.592831319988482353E+01    1
   -0.306693126559257490E+01   -0.260573310012075126E+05   -0.593331319988484207E+01    1
   -0.307325779795646659E+01   -0.236568301355083386E+05   -0.593831319988486150E+01    1
   -0.307965794205665588E+01   -0.214569662394496554E+05   -0.594331319988484363E+01    1
   -0.308012226223945618E+01   -0.213057183960927214E+05   -0.594831319988483731E+01    1
   -0.308095985054969779E+01   -0.210356258271848055E+05   -0.595331319988485230E+01    1
   -0.309156231880187971E+01   -0.179038734197552221E+05   -0.595831319988485220E+01    1
   -0.310410077571868914E+01   -0.148081180289025579E+05   -0.596331319988484676E+01    1
   -0.311130747795104989E+01   -0.132833484347131744E+05   -0.596831319988483333E+01    1
   -0.311280372142791739E+01   -0.129876146415009825E+05   -0.597331319988483767E+01    1
   -0.311372579336166400E+01   -0.128087595355911908E+05   -0.597831319988483756E+01    1
   -0.311930941343307477E+01   -0.117787445228507131E+05   -0.598331319988483834E+01    1
   -0.312023227810859671E+01   -0.116169404320110480E+05   -0.598831319988485067E+01    1
   -0.312323088049888620E+01   -0.111069285533086877E+05   -0.599331319988483902E+01    1
   -0.313114176392555255E+01   -0.987005134859486134E+04   -0.599831319988483536E+01    1
   -0.313192499279975900E+01   -0.975565887066859432E+04   -0.600331319988484058E+01    1
   -0.313602561950683612E+01   -0.917894837856799677E+04   -0.600831319988484402E+01    1
   -0.313781630992889404E+01   -0.893840205291053280E+04   -0.601331319988484836E+01    1
   -0.314334262609481829E+01   -0.823685920851323499E+04   -0.601831319988485181E+01    1
   -0.314393729567527780E+01   -0.816489493582626619E+04   -0.602331319988484992E+01    1
   -0.314443230628967285E+01   -0.810549584353001683E+04   -0.602831319988484537E+01    1
   -0.315034774541854867E+01   -0.742990872906393452E+04   -0.603331319988483905E+01    1
   -0.315075895190238953E+01   -0.738521342962877043E+04   -0.603831319988483450E+01    1
   -0.315147196650505057E+01   -0.730838718650177907E+04   -0.604331319988483973E+01    1
   -0.315266289114952070E+01   -0.718194935725694450E+04   -0.604831319988484406E+01    1
   -0.315316016674041766E+01   -0.712984307804055607E+04   -0.605331319988484662E+01    1
   -0.315612275600433367E+01   -0.682761805386924152E+04   -0.605831319988484918E+01    1
   -0.315688039064407366E+01   -0.675253649289048008E+04   -0.606331319988484108E+01    1
   -0.315704969763755816E+01   -0.673587864014217666E+04   -0.606831319988483475E+01    1
   -0.315865058302879342E+01   -0.658051701639666680E+04   -0.607331319988483642E+01    1
   -0.316760312914848319E+01   -0.577945628760334239E+04   -0.607831319988483898E+01    1
   -0.317183274626731881E+01   -0.543804913094603398E+04   -0.608331319988483799E+01    1
   -0.318374765515327462E+01   -0.458862321385972155E+04   -0.608831319988483255E+01    1
   -0.318397970199584979E+01   -0.457359192714873643E+04   -0.609331319988483422E+01    1
   -0.318915698528289804E+01   -0.425194376797495897E+04   -0.609831319988483944E+01    1
   -0.319064269661903399E+01   -0.416432143865183571E+04   -0.610331319988484200E+01    1
   -0.319137598276138323E+01   -0.412181490505191505E+04   -0.610831319988484456E+01    1
   -0.319181459546089163E+01   -0.409662040576591971E+04   -0.611331319988484534E+01    1
   -0.319259748458862314E+01   -0.405207499922639181E+04   -0.611831319988484612E+01    1
   -0.319324957132339460E+01   -0.401538372939272813E+04   -0.612331319988484957E+01    1
   -0.320090519189834577E+01   -0.361132646714999282E+04   -0.612831319988484058E+01    1
   -0.320415509343147287E+01   -0.345382032230412915E+04   -0.613331319988483337E+01    1
   -0.321855490803718558E+01   -0.284424266624766824E+04   -0.613831319988484392E+01    1
   -0.321895592212676984E+01   -0.282914468764504272E+04   -0.614331319988484204E+01    1
   -0.322017470598220834E+01   -0.278383221309774945E+04   -0.614831319988483216E+01    1
   -0.322065465450286847E+01   -0.276622302147736991E+04   -0.615331319988483472E+01    1
   -0.322395280003547668E+01   -0.264870829783399222E+04   -0.615831319988484527E+01    1
   -0.322631947398185748E+01   -0.256802376560607536E+04   -0.616331319988484516E+01    1
   -0.323190524578094474E+01   -0.238897864510674890E+04   -0.616831319988484594E+01    1
   -0.323852803707122794E+01   -0.219591884202870187E+04   -0.617331319988485472E+01    1
   -0.324354133605957040E+01   -0.206246497340561109E+04   -0.617831319988485106E+01    1
   -0.326172683238983163E+01   -0.165718715960471559E+04   -0.618331319988484296E+01    1
   -0.326983895897865295E+01   -0.151032167932234461E+04   -0.618831319988483397E+01    1
   -0.326985707879066467E+01   -0.151001400595017139E+04   -0.619331319988483742E+01    1
   -0.327187132239341727E+01   -0.147634927641279478E+04   -0.619831319988484619E+01    1
   -0.327201016545295698E+01   -0.147406752293626437E+04   -0.620331319988484164E+01    1
   -0.328080857992172259E+01   -0.133911657842856721E+04   -0.620831319988483532E+01    1
   -0.329555855989456159E+01   -0.115064426110928980E+04   -0.621331319988483433E+01    1
   -0.329738016724586469E+01   -0.113024283994913139E+04   -0.621831319988484221E+01    1
   -0.330270988345146188E+01   -0.107378760143918430E+04   -0.622331319988484033E+01    1
   -0.330548391342163095E+01   -0.104621656723070600E+04   -0.622831319988483223E+01    1
   -0.330969971418380737E+01   -0.100654517279230913E+04   -0.623331319988483390E+01    1
   -0.330998997092247027E+01   -0.100390908292663005E+04   -0.623831319988483735E+01    1
   -0.331126583218574533E+01   -0.992463048840469014E+03   -0.624331319988483990E+01    1
   -0.331432355046272287E+01   -0.965946133585855250E+03   -0.624831319988484335E+01    1
   -0.331997647881507874E+01   -0.920151228187339598E+03   -0.625331319988484591E+01    1
   -0.332560551166534424E+01   -0.878415764874597357E+03   -0.625831319988483958E+01    1
   -0.332713052034378043E+01   -0.867730091309077352E+03   -0.626331319988483415E+01    1
   -0.333092480897903442E+01   -0.842229320884172807E+03   -0.626831319988484559E+01    1
   -0.333119785189628592E+01   -0.840452272394225020E+03   -0.627331319988484815E+01    1
   -0.333395274281501752E+01   -0.822943255068837175E+03   -0.627831319988483649E+01    1
   -0.333508738279342642E+01   -0.815949733875221682E+03   -0.628331319988483905E+01    1
   -0.334451749920845032E+01   -0.762417088667020153E+03   -0.628831319988483806E+01    1
   -0.334518736600875854E+01   -0.758908525320880699E+03   -0.629331319988483973E+01    1
   -0.335292214751243600E+01   -0.720971564913519160E+03   -0.629831319988483962E+01    1
   -0.335778867602348319E+01   -0.699371172536915083E+03   -0.630331319988484040E+01    1
   -0.335784020423889151E+01   -0.699151233658953061E+03   -0.630831319988484474E+01    1
   -0.335839534997940081E+01   -0.696793023941473734E+03   -0.631331319988484196E+01    1
   -0.336266075372695905E+01   -0.679348444977047620E+03   -0.631831319988484985E+01    1
   -0.336347172856330889E+01   -0.676162880345550775E+03   -0.632331319988484353E+01    1
   -0.336513116359710684E+01   -0.669770590295732745E+03   -0.632831319988483898E+01    1
   -0.336566365957260150E+01   -0.667754710665120456E+03   -0.633331319988484243E+01    1
   -0.336814290285110474E+01   -0.658589662818328861E+03   -0.633831319988483788E+01    1
   -0.336990935802459735E+01   -0.652275796996651707E+03   -0.634331319988483155E+01    1
   -0.337240819334983843E+01   -0.643640840199039417E+03   -0.634831319988484033E+01    1
   -0.337241544127464277E+01   -0.643616288760693806E+03   -0.635331319988483934E+01    1
   -0.337732602357864398E+01   -0.627614851798966470E+03   -0.635831319988483212E+01    1
   -0.337755252122879046E+01   -0.626906466456161638E+03   -0.636331319988484445E+01    1
   -0.338304028865468531E+01   -0.610499789833635305E+03   -0.636831319988484967E+01    1
   -0.338640008568763751E+01   -0.601139340517967980E+03   -0.637331319988483980E+01    1
   -0.338818658590316790E+01   -0.596362294491271200E+03   -0.637831319988483436E+01    1
   -0.339446147680282584E+01   -0.580621334372724277E+03   -0.638331319988483781E+01    1
   -0.339734784960746783E+01   -0.573893173100663830E+03   -0.638831319988484392E+01    1
   -0.340686981081962603E+01   -0.553775357803673273E+03   -0.639331319988484115E+01    1
   -0.341005617976188669E+01   -0.547699741824533021E+03   -0.639831319988483305E+01    1
   -0.341591012477874756E+01   -0.537315979685847424E+03   -0.640331319988484182E+01    1
   -0.341706220507621783E+01   -0.535384933077527307E+03   -0.640831319988484349E+01    1
   -0.343291296362876874E+01   -0.512155256054897563E+03   -0.641331319988483894E+01    1
   -0.343316380977630597E+01   -0.511833337258215295E+03   -0.641831319988484950E+01    1
   -0.343331794142723101E+01   -0.511636182650686862E+03   -0.642331319988485028E+01    1
   -0.343332802057266218E+01   -0.511623307230328692E+03   -0.642831319988483774E+01    1
   -0.343670272231101981E+01   -0.507428405963979571E+03   -0.643331319988483941E+01    1
   -0.343775287866592416E+01   -0.506169140356867501E+03   -0.643831319988484374E+01    1
   -0.343892160654068002E+01   -0.504792686636542214E+03   -0.644331319988484097E+01    1
   -0.344177204694166639E+01   -0.501543137862594563E+03   -0.644831319988483465E+01    1
   -0.344688684940338153E+01   -0.496076697537078928E+03   -0.645331319988483099E+01    1
   -0.344960935115814227E+01   -0.493347496330603690E+03   -0.645831319988484331E+01    1
   -0.345269934535026568E+01   -0.490393295461215132E+03   -0.646331319988484321E+01    1
   -0.345625649094581622E+01   -0.487172169921106160E+03   -0.646831319988483155E+01    1
   -0.346120469862059599E+01   -0.482992311312224842E+03   -0.647331319988483944E+01    1
   -0.346479613184928903E+01   -0.480164281417931818E+03   -0.647831319988485355E+01    1
   -0.346730731129646319E+01   -0.478283835903586862E+03   -0.648331319988484722E+01    1
   -0.347565732825184615E+01   -0.472562887134229129E+03   -0.648831319988484090E+01    1
   -0.347574344277381897E+01   -0.472507905751613521E+03   -0.649331319988484612E+01    1
   -0.347721069455146781E+01   -0.471583071734393855E+03   -0.649831319988484424E+01    1
   -0.347921791672706604E+01   -0.470353797388930616E+03   -0.650331319988484946E+01    1
   -0.348015816816452572E+01   -0.469791903730496813E+03   -0.650831319988485468E+01    1
   -0.349179979165422649E+01   -0.463517410618095312E+03   -0.651331319988484125E+01    1
   -0.349790816307067853E+01   -0.460682924401371338E+03   -0.651831319988483759E+01    1
   -0.350160514389652588E+01   -0.459103754534835332E+03   -0.652331319988484726E+01    1
   -0.350204457640647870E+01   -0.458922520894126819E+03   -0.652831319988484449E+01    1
   -0.350372575521469098E+01   -0.458241459648490149E+03   -0.653331319988484527E+01    1
   -0.350454250574111947E+01   -0.457917516453173789E+03   -0.653831319988484161E+01    1
   -0.350531746745109540E+01   -0.457614264925077009E+03   -0.654331319988482818E+01    1
   -0.350946192145347613E+01   -0.456058495147778444E+03   -0.654831319988484228E+01    1
   -0.351059463620185852E+01   -0.455652024270025890E+03   -0.655331319988485284E+01    1
   -0.351643238663673419E+01   -0.453677338978057492E+03   -0.655831319988484385E+01    1
   -0.352682704329490671E+01   -0.450615664766489203E+03   -0.656331319988483930E+01    1
   -0.352712250947952288E+01   -0.450536414996568737E+03   -0.656831319988484008E+01    1
   -0.352720042467117301E+01   -0.450515584169984947E+03   -0.657331319988483909E+01    1
   -0.352733507752418518E+01   -0.450479650653855288E+03   -0.657831319988483187E+01    1
   -0.352952626282451920E+01   -0.449906557733098396E+03   -0.658331319988483976E+01    1
   -0.353132120966911334E+01   -0.449453092152059014E+03   -0.658831319988485653E+01    1
   -0.353649384975433367E+01   -0.448222987935195931E+03   -0.659331319988485998E+01    1
   -0.354022551178932199E+01   -0.447402289783344827E+03   -0.659831319988484832E+01    1
   -0.354037783145904550E+01   -0.447369921094697702E+03   -0.660331319988483045E+01    1
   -0.354043105840682992E+01   -0.447358630569061120E+03   -0.660831319988482591E+01    1
   -0.354238029718399039E+01   -0.446952373936138429E+03   -0.661331319988482402E+01    1
   -0.354277428984642029E+01   -0.446871943597459847E+03   -0.661831319988482214E+01    1
   -0.354611550623313354E+01   -0.446211945787836385E+03   -0.662331319988483358E+01    1
   -0.355256804823875427E+01   -0.445043194535380962E+03   -0.662831319988484857E+01    1
   -0.355451932549476624E+01   -0.444715513026446388E+03   -0.663331319988483958E+01    1
   -0.355695881843566886E+01   -0.444321693188445408E+03   -0.663831319988483415E+01    1
   -0.355862470865249625E+01   -0.444062548862265885E+03   -0.664331319988484559E+01    1
   -0.355873512625694266E+01   -0.444045646695910477E+03   -0.664831319988485259E+01    1
   -0.356440539621969998E+01   -0.443221682906920876E+03   -0.665331319988484182E+01    1
   -0.356613401174545297E+01   -0.442986972653555029E+03   -0.665831319988482750E+01    1
   -0.356962104305643413E+01   -0.442535571983814521E+03   -0.666331319988483006E+01    1
   -0.357922787315025559E+01   -0.441432689744739378E+03   -0.666831319988484506E+01    1
   -0.358621937036514282E+01   -0.440746253464147742E+03   -0.667331319988485649E+01    1
   -0.358909362554550171E+01   -0.440489502022174861E+03   -0.667831319988485284E+01    1
   -0.358923445530313856E+01   -0.440477282087855883E+03   -0.668331319988484029E+01    1
   -0.358988806605339050E+01   -0.440420999022665228E+03   -0.668831319988483841E+01    1
   -0.359067854285240173E+01   -0.440353870212837421E+03   -0.669331319988484719E+01    1
   -0.359137411713600141E+01   -0.440295641655498798E+03   -0.669831319988484797E+01    1
   -0.359175859689712507E+01   -0.440263790035802401E+03   -0.670331319988483809E+01    1
   -0.359450537046616869E+01   -0.440043015009442058E+03   -0.670831319988483976E+01    1
   -0.359689737558364886E+01   -0.439860144608097926E+03   -0.671331319988484232E+01    1
   -0.359844328973393690E+01   -0.439746436358806875E+03   -0.671831319988483333E+01    1
   -0.359897266030311602E+01   -0.439708286908208208E+03   -0.672331319988483767E+01    1
   -0.359994807243347159E+01   -0.439639027819013108E+03   -0.672831319988484289E+01    1
   -0.360217046737670898E+01   -0.439486131993200786E+03   -0.673331319988483568E+01    1
   -0.360952733755111677E+01   -0.439025832217900927E+03   -0.673831319988484179E+01    1
   -0.360969302647820056E+01   -0.439016232297426996E+03   -0.674331319988485056E+01    1
   -0.361055937409400940E+01   -0.438966560716841514E+03   -0.674831319988484069E+01    1
   -0.361185584664344805E+01   -0.438893850076363492E+03   -0.675331319988483436E+01    1
   -0.361282131658304362E+01   -0.438840943954712088E+03   -0.675831319988484047E+01    1
   -0.361531050205230731E+01   -0.438709295349013246E+03   -0.676331319988484037E+01    1
   -0.361532282792885962E+01   -0.438708660166430491E+03   -0.676831319988484292E+01    1
   -0.361535693388891088E+01   -0.438706903448665685E+03   -0.677331319988485081E+01    1
   -0.361886422122903095E+01   -0.438532751632065242E+03   -0.677831319988483383E+01    1
   -0.362422952651977548E+01   -0.438290015224341914E+03   -0.678331319988484083E+01    1
   -0.362478965520858765E+01   -0.438266236444273773E+03   -0.678831319988483806E+01    1
   -0.362877250313758859E+01   -0.438105195597638158E+03   -0.679331319988483973E+01    1
   -0.363052833959059207E+01   -0.438038517113782632E+03   -0.679831319988484761E+01    1
   -0.363194148827901353E+01   -0.437986691773392067E+03   -0.680331319988484751E+01    1
   -0.363197427430429931E+01   -0.437985508499177570E+03   -0.680831319988484740E+01    1
   -0.363273862714319495E+01   -0.437958164823414506E+03   -0.681331319988484818E+01    1
   -0.363368340127805345E+01   -0.437925002791174109E+03   -0.681831319988484630E+01    1
   -0.363492927551269540E+01   -0.437882328421684974E+03   -0.682331319988483997E+01    1
   -0.363562496304512006E+01   -0.437859013360755000E+03   -0.682831319988483543E+01    1
   -0.363582003584158286E+01   -0.437852541046198326E+03   -0.683331319988483443E+01    1
   -0.363633330805480881E+01   -0.437835646697455104E+03   -0.683831319988483255E+01    1
   -0.363703536737634137E+01   -0.437812853767634408E+03   -0.684331319988483955E+01    1
   -0.363891721963882464E+01   -0.437753522489747183E+03   -0.684831319988484566E+01    1
   -0.363909852089681873E+01   -0.437747939937654621E+03   -0.685331319988484111E+01    1
   -0.364403697252273551E+01   -0.437604537786092806E+03   -0.685831319988483479E+01    1
   -0.364624088859607021E+01   -0.437545703294121495E+03   -0.686331319988483557E+01    1
   -0.364635789394378662E+01   -0.437542665043520742E+03   -0.686831319988483724E+01    1
   -0.364638522902382878E+01   -0.437541956461243842E+03   -0.687331319988484513E+01    1
   -0.399681043940602310E+01   -0.437532530271612359E+03   -0.687831319988484946E+01    1
   -0.399676441055289278E+01   -0.437532446458723712E+03   -0.688331319988484580E+01    1
   -0.399600242972373954E+01   -0.437531055414389471E+03   -0.688831319988484214E+01    1
   -0.399557718038558951E+01   -0.437530276160852281E+03   -0.689331319988483937E+01    1
   -0.399519247412681588E+01   -0.437529569385695311E+03   -0.689831319988484282E+01    1
   -0.398745372891426086E+01   -0.437514980681004715E+03   -0.690331319988484982E+01    1
   -0.398584689910387358E+01   -0.437511861538892049E+03   -0.690831319988484704E+01    1
   -0.398420394062995920E+01   -0.437508639717064568E+03   -0.691331319988484871E+01    1
   -0.398167554736137408E+01   -0.437503616721043329E+03   -0.691831319988485216E+01    1
   -0.398156059980392474E+01   -0.437503386482129542E+03   -0.692331319988485028E+01    1
   -0.398130384769115775E+01   -0.437502871616988500E+03   -0.692831319988485284E+01    1
   -0.397989104828278339E+01   -0.437500023835513844E+03   -0.693331319988485451E+01    1
   -0.397940479516983014E+01   -0.437499037924068830E+03   -0.693831319988484641E+01    1
   -0.397794041967505896E+01   -0.437496050866598580E+03   -0.694331319988484630E+01    1
   -0.397778826365049643E+01   -0.437495738947154450E+03   -0.694831319988485152E+01    1
   -0.397491152397955672E+01   -0.437489786415530943E+03   -0.695331319988484609E+01    1
   -0.397485214195780578E+01   -0.437489662432866965E+03   -0.695831319988484598E+01    1
   -0.397419090374215500E+01   -0.437488278797384396E+03   -0.696331319988484143E+01    1
   -0.397381302118301383E+01   -0.437487485565751797E+03   -0.696831319988483866E+01    1
   -0.397324786393013785E+01   -0.437486295794942748E+03   -0.697331319988484655E+01    1
   -0.397266091176166913E+01   -0.437485055790822287E+03   -0.697831319988484200E+01    1
   -0.397075606342961862E+01   -0.437481000916529979E+03   -0.698331319988483745E+01    1
   -0.397011829614154887E+01   -0.437479632774074958E+03   -0.698831319988484800E+01    1
   -0.396681673526763934E+01   -0.437472465226529494E+03   -0.699331319988485145E+01    1
   -0.396459442590366118E+01   -0.437467559806106522E+03   -0.699831319988484868E+01    1
   -0.396360556483268756E+01   -0.437465355947232808E+03   -0.700331319988484413E+01    1
   -0.396310353279113770E+01   -0.437464232081623095E+03   -0.700831319988484314E+01    1
   -0.396283785104751596E+01   -0.437463635953590369E+03   -0.701331319988484658E+01    1
   -0.395873337388038626E+01   -0.437454305803136208E+03   -0.701831319988483759E+01    1
   -0.395827766060829145E+01   -0.437453255833514618E+03   -0.702331319988483749E+01    1
   -0.395704902410507220E+01   -0.437450410944856003E+03   -0.702831319988484360E+01    1
   -0.395599592328071603E+01   -0.437447956091737751E+03   -0.703331319988484438E+01    1
   -0.365046943533315993E+01   -0.437441154011287097E+03   -0.703831319988484427E+01    1
   -0.395310124188766610E+01   -0.437441129873137868E+03   -0.704331319988483884E+01    1
   -0.395222235918045062E+01   -0.437439034393963880E+03   -0.704831319988483429E+01    1
   -0.395197098986704676E+01   -0.437438433095408868E+03   -0.705331319988483951E+01    1
   -0.395193227145793724E+01   -0.437438340399417712E+03   -0.705831319988484029E+01    1
   -0.394788706261479128E+01   -0.437428540521960940E+03   -0.706331319988483308E+01    1
   -0.394763285116918583E+01   -0.437427917016723597E+03   -0.706831319988483653E+01    1
   -0.394760393000776588E+01   -0.437427846024100859E+03   -0.707331319988483820E+01    1
   -0.394615571967209799E+01   -0.437424276038546338E+03   -0.707831319988484164E+01    1
   -0.394427381909090613E+01   -0.437419592672478302E+03   -0.708331319988484420E+01    1
   -0.393921131401052804E+01   -0.437406743630499079E+03   -0.708831319988484587E+01    1
   -0.393591973781585702E+01   -0.437398191907190380E+03   -0.709331319988484488E+01    1
   -0.365258820454964361E+01   -0.437392682114984041E+03   -0.709831319988484566E+01    1
   -0.393344505916229981E+01   -0.437391659239119463E+03   -0.710331319988485177E+01    1
   -0.365309944858923785E+01   -0.437381361550047245E+03   -0.710831319988483834E+01    1
   -0.365332567250273677E+01   -0.437376398008683964E+03   -0.711331319988484179E+01    1
   -0.392339781522750863E+01   -0.437364216648914010E+03   -0.711831319988484612E+01    1
   -0.392306871414184588E+01   -0.437363292621745188E+03   -0.712331319988483891E+01    1
   -0.392225463352451831E+01   -0.437361000019780818E+03   -0.712831319988484591E+01    1
   -0.392139353752136222E+01   -0.437358564337961411E+03   -0.713331319988484669E+01    1
   -0.365444869882678169E+01   -0.437352168952297347E+03   -0.713831319988484037E+01    1
   -0.365465008616447440E+01   -0.437347895745167307E+03   -0.714331319988484736E+01    1
   -0.391646194513592860E+01   -0.437344403092802338E+03   -0.714831319988484726E+01    1
   -0.391605951786041251E+01   -0.437343231569097611E+03   -0.715331319988484537E+01    1
   -0.391529131011441445E+01   -0.437340988521138343E+03   -0.715831319988484793E+01    1
   -0.391379209690198149E+01   -0.437336585774781781E+03   -0.716331319988484694E+01    1
   -0.391263261208907931E+01   -0.437333157783747993E+03   -0.716831319988484861E+01    1
   -0.391124451756477365E+01   -0.437329027610612684E+03   -0.717331319988483695E+01    1
   -0.391070171594619742E+01   -0.437327404749118671E+03   -0.717831319988482885E+01    1
   -0.391066219210624677E+01   -0.437327286410072304E+03   -0.718331319988483852E+01    1
   -0.390968881845474225E+01   -0.437324364683078954E+03   -0.718831319988485085E+01    1
   -0.390932935066131426E+01   -0.437323282124405978E+03   -0.719331319988485518E+01    1
   -0.390651592612266541E+01   -0.437314742997611972E+03   -0.719831319988485241E+01    1
   -0.390649855542368396E+01   -0.437314689909999572E+03   -0.720331319988484253E+01    1
   -0.390573666095733651E+01   -0.437312357034026604E+03   -0.720831319988484509E+01    1
   -0.390514949828378066E+01   -0.437310553300910271E+03   -0.721331319988484676E+01    1
   -0.390472500920295706E+01   -0.437309246108850459E+03   -0.721831319988483600E+01    1
   -0.390465638041496277E+01   -0.437309034519251611E+03   -0.722331319988483056E+01    1
   -0.390426918270113799E+01   -0.437307839441272279E+03   -0.722831319988483489E+01    1
   -0.390412716865539533E+01   -0.437307400561042471E+03   -0.723331319988484633E+01    1
   -0.390375276803970328E+01   -0.437306242081534947E+03   -0.723831319988483735E+01    1
   -0.390269039054471589E+01   -0.437302943550420196E+03   -0.724331319988483013E+01    1
   -0.390168175772892845E+01   -0.437299796444459105E+03   -0.724831319988484335E+01    1
   -0.390140693784610360E+01   -0.437298936354486841E+03   -0.725331319988483436E+01    1
   -0.390102154612541208E+01   -0.437297728335564898E+03   -0.725831319988483248E+01    1
   -0.389378336071968079E+01   -0.437274634710839166E+03   -0.726331319988484214E+01    1
   -0.365831923484802246E+01   -0.437273743663650464E+03   -0.726831319988484292E+01    1
   -0.389170649051666251E+01   -0.437267867269917929E+03   -0.727331319988484726E+01    1
   -0.365864874373905069E+01   -0.437267419294119918E+03   -0.727831319988484715E+01    1
   -0.388967119871543332E+01   -0.437261174872033678E+03   -0.728331319988484704E+01    1
   -0.388807491945710337E+01   -0.437255884423227599E+03   -0.728831319988484694E+01    1
   -0.388712980052147428E+01   -0.437252734932530188E+03   -0.729331319988483617E+01    1
   -0.388632498216382993E+01   -0.437250042968501646E+03   -0.729831319988483163E+01    1
   -0.388522514661520368E+01   -0.437246349401962789E+03   -0.730331319988482885E+01    1
   -0.388420398235321063E+01   -0.437242904772478482E+03   -0.730831319988481987E+01    1
   -0.366017120910806426E+01   -0.437238890898966190E+03   -0.731331319988482242E+01    1
   -0.388024628537218819E+01   -0.437229416995144845E+03   -0.731831319988482765E+01    1
   -0.388018931150436419E+01   -0.437229221246439920E+03   -0.732331319988483465E+01    1
   -0.366098058223724365E+01   -0.437224180854151143E+03   -0.732831319988483276E+01    1
   -0.387837486811460597E+01   -0.437222964012209445E+03   -0.733331319988482555E+01    1
   -0.387662211189906269E+01   -0.437216877041363773E+03   -0.733831319988482544E+01    1
   -0.387562720176448172E+01   -0.437213403533060784E+03   -0.734331319988483955E+01    1
   -0.387469625050984456E+01   -0.437210141367681047E+03   -0.734831319988483767E+01    1
   -0.387371027751985375E+01   -0.437206673885735086E+03   -0.735331319988483134E+01    1
   -0.387312495445941884E+01   -0.437204609363670443E+03   -0.735831319988484989E+01    1
   -0.387255173219892690E+01   -0.437202583178475038E+03   -0.736331319988484001E+01    1
   -0.387142137475858394E+01   -0.437198575152734520E+03   -0.736831319988482036E+01    1
   -0.387116485238075247E+01   -0.437197663274558977E+03   -0.737331319988482381E+01    1
   -0.386904646504475691E+01   -0.437190100700341645E+03   -0.737831319988483525E+01    1
   -0.386869542461907479E+01   -0.437188841996495114E+03   -0.738331319988483958E+01    1
   -0.386676560469189656E+01   -0.437181894824158803E+03   -0.738831319988483326E+01    1
   -0.386664633750915510E+01   -0.437181463956905475E+03   -0.739331319988483848E+01    1
   -0.386637680530548078E+01   -0.437180489593921209E+03   -0.739831319988484815E+01    1
   -0.386635290980339041E+01   -0.437180403168228224E+03   -0.740331319988484626E+01    1
   -0.386557930707931519E+01   -0.437177601410636953E+03   -0.740831319988483994E+01    1
   -0.386477181908522738E+01   -0.437174669161074576E+03   -0.741331319988483362E+01    1
   -0.386419900141974670E+01   -0.437172584302787470E+03   -0.741831319988483440E+01    1
   -0.366398675748448222E+01   -0.437172228206651198E+03   -0.742331319988483784E+01    1
   -0.386313188672065744E+01   -0.437168689912638229E+03   -0.742831319988483507E+01    1
   -0.386253801073667358E+01   -0.437166516743861280E+03   -0.743331319988483408E+01    1
   -0.386225407294030898E+01   -0.437165476266578480E+03   -0.743831319988484285E+01    1
   -0.386099680662155142E+01   -0.437160857790502746E+03   -0.744331319988484630E+01    1
   -0.386088072657585135E+01   -0.437160430457714369E+03   -0.744831319988484708E+01    1
   -0.385897508885109808E+01   -0.437153393186280368E+03   -0.745331319988485053E+01    1
   -0.385894163151488057E+01   -0.437153269267096221E+03   -0.745831319988483887E+01    1
   -0.385804048336887728E+01   -0.437149926917697542E+03   -0.746331319988483877E+01    1
   -0.385701374886632298E+01   -0.437146107883175489E+03   -0.746831319988484577E+01    1
   -0.385693830847740182E+01   -0.437145826823178652E+03   -0.747331319988484211E+01    1
   -0.385684278712057482E+01   -0.437145470861435626E+03   -0.747831319988484289E+01    1
   -0.385615009665489206E+01   -0.437142886602766851E+03   -0.748331319988483656E+01    1
   -0.385555149080405579E+01   -0.437140649224649167E+03   -0.748831319988483557E+01    1
   -0.385494082570075980E+01   -0.437138362874681093E+03   -0.749331319988483635E+01    1
   -0.366618511759544674E+01   -0.437136815676908782E+03   -0.749831319988484157E+01    1
   -0.366661224593775126E+01   -0.437130179368775487E+03   -0.750331319988484857E+01    1
   -0.385204045894627978E+01   -0.437127451381282128E+03   -0.750831319988484225E+01    1
   -0.385121912956237811E+01   -0.437124346152241344E+03   -0.751331319988483948E+01    1
   -0.366725467374237635E+01   -0.437120344522541302E+03   -0.751831319988483671E+01    1
   -0.384862652420997620E+01   -0.437114501838759907E+03   -0.752331319988483926E+01    1
   -0.384644897040985878E+01   -0.437106185935100768E+03   -0.752831319988484982E+01    1
   -0.384625033736228961E+01   -0.437105425299668809E+03   -0.753331319988484971E+01    1
   -0.384623108506202716E+01   -0.437105351557861468E+03   -0.753831319988484694E+01    1
   -0.384461842179298419E+01   -0.437099163491523882E+03   -0.754331319988484239E+01    1
   -0.384223861098289499E+01   -0.437089993250025088E+03   -0.754831319988483518E+01    1
   -0.384199009437036265E+01   -0.437089033101498785E+03   -0.755331319988483774E+01    1
   -0.384183216094970703E+01   -0.437088422682364126E+03   -0.755831319988483674E+01    1
   -0.366955228412524237E+01   -0.437086581923799372E+03   -0.756331319988483397E+01    1
   -0.383888384309629549E+01   -0.437076994422515043E+03   -0.756831319988484097E+01    1
   -0.383870479464530945E+01   -0.437076298471075575E+03   -0.757331319988484619E+01    1
   -0.367065979493416084E+01   -0.437071075670955452E+03   -0.757831319988483809E+01    1
   -0.367092119171790676E+01   -0.437067487093501029E+03   -0.758331319988483266E+01    1
   -0.383526916503906268E+01   -0.437062905691477226E+03   -0.758831319988483433E+01    1
   -0.383480552099886740E+01   -0.437061093061141491E+03   -0.759331319988483688E+01    1
   -0.383467925190925607E+01   -0.437060599207739699E+03   -0.759831319988484566E+01    1
   -0.383443565260336428E+01   -0.437059646223356822E+03   -0.760331319988484200E+01    1
   -0.383407554461603350E+01   -0.437058236878578271E+03   -0.760831319988483390E+01    1
   -0.383352707864131315E+01   -0.437056089094148490E+03   -0.761331319988484001E+01    1
   -0.383121666908264169E+01   -0.437047025949048930E+03   -0.761831319988484612E+01    1
   -0.383073121840290609E+01   -0.437045118701880199E+03   -0.762331319988484690E+01    1
   -0.382958158907886137E+01   -0.437040598371738724E+03   -0.762831319988485124E+01    1
   -0.367358047858484449E+01   -0.437032486954467686E+03   -0.763331319988484047E+01    1
   -0.367423772617277056E+01   -0.437024250364506997E+03   -0.763831319988482971E+01    1
   -0.382454242226793539E+01   -0.437020736879829769E+03   -0.764331319988483493E+01    1
   -0.382343941926956177E+01   -0.437016382368533129E+03   -0.764831319988483571E+01    1
   -0.382309578940162131E+01   -0.437015025460853735E+03   -0.765331319988484093E+01    1
   -0.382275755489557945E+01   -0.437013689747155013E+03   -0.765831319988484260E+01    1
   -0.382216548323631278E+01   -0.437011351396737382E+03   -0.766331319988484161E+01    1
   -0.382170014381408674E+01   -0.437009513425598470E+03   -0.766831319988484506E+01    1
   -0.382098463773727426E+01   -0.437006687226867484E+03   -0.767331319988483607E+01    1
   -0.382072167896424109E+01   -0.437005648545103213E+03   -0.767831319988483152E+01    1
   -0.382034265328614975E+01   -0.437004151413859859E+03   -0.768331319988483941E+01    1
   -0.381868194937705985E+01   -0.436997592490327406E+03   -0.768831319988484463E+01    1
   -0.367652783339865730E+01   -0.436996787555949936E+03   -0.769331319988483830E+01    1
   -0.381836318660592156E+01   -0.436996333800338448E+03   -0.769831319988483997E+01    1
   -0.381708223275056069E+01   -0.436991277100228388E+03   -0.770331319988484786E+01    1
   -0.381677506566047686E+01   -0.436990064926549337E+03   -0.770831319988485042E+01    1
   -0.381526757101283609E+01   -0.436984118843290389E+03   -0.771331319988483699E+01    1
   -0.381496629279595378E+01   -0.436982931180289597E+03   -0.771831319988483866E+01    1
   -0.381457976310635871E+01   -0.436981407831977606E+03   -0.772331319988485099E+01    1
   -0.381420974319236272E+01   -0.436979949978847003E+03   -0.772831319988484200E+01    1
   -0.381321508884429949E+01   -0.436976033394630463E+03   -0.773331319988482768E+01    1
   -0.367866387289709218E+01   -0.436972849807596504E+03   -0.773831319988483823E+01    1
   -0.367879076817323769E+01   -0.436971477235267969E+03   -0.774331319988485056E+01    1
   -0.381187407237674813E+01   -0.436970758989591104E+03   -0.774831319988484424E+01    1
   -0.367907638425860783E+01   -0.436968407826303292E+03   -0.775331319988483525E+01    1
   -0.381086675035319056E+01   -0.436966802318472730E+03   -0.775831319988483070E+01    1
   -0.381060685262547860E+01   -0.436965782275988204E+03   -0.776331319988483504E+01    1
   -0.381008899192639650E+01   -0.436963750845815525E+03   -0.776831319988483138E+01    1
   -0.367965775557279962E+01   -0.436962244978351805E+03   -0.777331319988483305E+01    1
   -0.380870462402873322E+01   -0.436958327820552086E+03   -0.777831319988483827E+01    1
   -0.380835692373069090E+01   -0.436956967606390720E+03   -0.778331319988484172E+01    1
   -0.380824302132761527E+01   -0.436956522187092958E+03   -0.778831319988484072E+01    1
   -0.380819512110129388E+01   -0.436956334897102408E+03   -0.779331319988484150E+01    1
   -0.380787243433705846E+01   -0.436955073590445977E+03   -0.779831319988484672E+01    1
   -0.368058375292044593E+01   -0.436952661431086597E+03   -0.780331319988483241E+01    1
   -0.380697509489881636E+01   -0.436951569896425497E+03   -0.780831319988482697E+01    1
   -0.368075962542621404E+01   -0.436950873186719946E+03   -0.781331319988483575E+01    1
   -0.380647836312815668E+01   -0.436949632910036371E+03   -0.781831319988483564E+01    1
   -0.380627412267147447E+01   -0.436948837026776232E+03   -0.782331319988483376E+01    1
   -0.368107260103072154E+01   -0.436947715885664820E+03   -0.782831319988483809E+01    1
   -0.368111033753262529E+01   -0.436947337353549642E+03   -0.783331319988484420E+01    1
   -0.380544293899937269E+01   -0.436945601484057647E+03   -0.783831319988484054E+01    1
   -0.380494749453046444E+01   -0.436943675580502486E+03   -0.784331319988482800E+01    1
   -0.380476182780582128E+01   -0.436942954393918228E+03   -0.784831319988483145E+01    1
   -0.380414808654279080E+01   -0.436940572603257749E+03   -0.785331319988483223E+01    1
   -0.368250500933348279E+01   -0.436933669043454643E+03   -0.785831319988483212E+01    1
   -0.380218312112429402E+01   -0.436932970941016322E+03   -0.786331319988484623E+01    1
   -0.380106450104339721E+01   -0.436928661149911136E+03   -0.786831319988483990E+01    1
   -0.379743409156799316E+01   -0.436914775827589438E+03   -0.787331319988482559E+01    1
   -0.379723970055861226E+01   -0.436914037165975174E+03   -0.787831319988483170E+01    1
   -0.379690758097428427E+01   -0.436912776378410285E+03   -0.788331319988482893E+01    1
   -0.368497925400733939E+01   -0.436910923171929539E+03   -0.788831319988482349E+01    1
   -0.379545800146367540E+01   -0.436907292251175249E+03   -0.789331319988483315E+01    1
   -0.379530840948500536E+01   -0.436906728102131410E+03   -0.789831319988484459E+01    1
   -0.368547732234001169E+01   -0.436906570326103235E+03   -0.790331319988484005E+01    1
   -0.379505462050437936E+01   -0.436905771792789608E+03   -0.790831319988484260E+01    1
   -0.379457104802131662E+01   -0.436903952432710298E+03   -0.791331319988484250E+01    1
   -0.379447288260791105E+01   -0.436903583557041031E+03   -0.791831319988483440E+01    1
   -0.379334394443872336E+01   -0.436899352708705806E+03   -0.792331319988483607E+01    1
   -0.379330736605563335E+01   -0.436899215982995599E+03   -0.792831319988484040E+01    1
   -0.368643065094947797E+01   -0.436898444603023108E+03   -0.793331319988484562E+01    1
   -0.368645928005292944E+01   -0.436898204724426591E+03   -0.793831319988484108E+01    1
   -0.368651728630065900E+01   -0.436897719435018473E+03   -0.794331319988484630E+01    1
   -0.379261252859495857E+01   -0.436896623142414114E+03   -0.794831319988485330E+01    1
   -0.379259960562846121E+01   -0.436896574999114591E+03   -0.795331319988483898E+01    1
   -0.379239907319210268E+01   -0.436895828312973833E+03   -0.795831319988483266E+01    1
   -0.379119999957185483E+01   -0.436891378715072733E+03   -0.796331319988484676E+01    1
   -0.379014256029284757E+01   -0.436887477102049388E+03   -0.796831319988485554E+01    1
   -0.379001742601394653E+01   -0.436887016835882150E+03   -0.797331319988485543E+01    1
   -0.368795156637133381E+01   -0.436886030199995673E+03   -0.797831319988485443E+01    1
   -0.378928602644422607E+01   -0.436884332884822015E+03   -0.798331319988484456E+01    1
   -0.368868180680734881E+01   -0.436880304588806212E+03   -0.798831319988484445E+01    1
   -0.378739367723464948E+01   -0.436877440382042096E+03   -0.799331319988483990E+01    1
   -0.378727492919492192E+01   -0.436877010449881823E+03   -0.799831319988483802E+01    1
   -0.378607269927679102E+01   -0.436872675688031279E+03   -0.800331319988484147E+01    1
   -0.378573073778396374E+01   -0.436871448819690841E+03   -0.800831319988482804E+01    1
   -0.368985937237739581E+01   -0.436871385594065430E+03   -0.801331319988483592E+01    1
   -0.378562405472693086E+01   -0.436871066634858607E+03   -0.801831319988484204E+01    1
   -0.378559138736980572E+01   -0.436870949660446001E+03   -0.802331319988484282E+01    1
   -0.369024762075935309E+01   -0.436868528655979162E+03   -0.802831319988485248E+01    1
   -0.378463622031918101E+01   -0.436867540818550765E+03   -0.803331319988485504E+01    1
   -0.378453704556450976E+01   -0.436867188160364947E+03   -0.803831319988484161E+01    1
   -0.378453317207185336E+01   -0.436867174391465937E+03   -0.804331319988482463E+01    1
   -0.369053399562835693E+01   -0.436866447632921734E+03   -0.804831319988483962E+01    1
   -0.378411581080708537E+01   -0.436865693018096749E+03   -0.805331319988481731E+01    1
   -0.378366337418556231E+01   -0.436864092126363744E+03   -0.805831319988483763E+01    1
   -0.378364394531833348E+01   -0.436864023496979200E+03   -0.806331319988484907E+01    1
   -0.378336966605056624E+01   -0.436863055689595456E+03   -0.806831319988484275E+01    1
   -0.369116849053577800E+01   -0.436861915684404323E+03   -0.807331319988483642E+01    1
   -0.369164041940921228E+01   -0.436858614647675324E+03   -0.807831319988483720E+01    1
   -0.378186017497480487E+01   -0.436857764965692922E+03   -0.808331319988484509E+01    1
   -0.378134539998823493E+01   -0.436855974869345403E+03   -0.808831319988484232E+01    1
   -0.378129864648574721E+01   -0.436855812653501573E+03   -0.809331319988483600E+01    1
   -0.369213809040309293E+01   -0.436855197346840839E+03   -0.809831319988482967E+01    1
   -0.378098621962517978E+01   -0.436854730241045786E+03   -0.810331319988483756E+01    1
   -0.378061709403991708E+01   -0.436853454974907834E+03   -0.810831319988484367E+01    1
   -0.378032457232475272E+01   -0.436852447149771876E+03   -0.811331319988484445E+01    1
   -0.378024277881496040E+01   -0.436852165791531718E+03   -0.811831319988484701E+01    1
   -0.369312621396015706E+01   -0.436848603925341479E+03   -0.812331319988484069E+01    1
   -0.369376136064529437E+01   -0.436844498491613081E+03   -0.812831319988483969E+01    1
   -0.377774343658985412E+01   -0.436843665459375700E+03   -0.813331319988483692E+01    1
   -0.369396130923712107E+01   -0.436843227304017375E+03   -0.813831319988483237E+01    1
   -0.377759118909944602E+01   -0.436843153934296481E+03   -0.814331319988484026E+01    1
   -0.377735940188397779E+01   -0.436842376599765032E+03   -0.814831319988483571E+01    1
   -0.377668134323224214E+01   -0.436840112658777912E+03   -0.815331319988482939E+01    1
   -0.369458604332412355E+01   -0.436839320391085153E+03   -0.815831319988483372E+01    1
   -0.377564770607372324E+01   -0.436836690916815485E+03   -0.816331319988483806E+01    1
   -0.369518580436706534E+01   -0.436835661264822306E+03   -0.816831319988483706E+01    1
   -0.377521920204162598E+01   -0.436835283076845656E+03   -0.817331319988484140E+01    1
   -0.377507409667374905E+01   -0.436834807780542008E+03   -0.817831319988483862E+01    1
   -0.369534416365333040E+01   -0.436834709958003714E+03   -0.818331319988483052E+01    1
   -0.369556013386134907E+01   -0.436833422494702290E+03   -0.818831319988483486E+01    1
   -0.369568661549295241E+01   -0.436832673801014721E+03   -0.819331319988483919E+01    1
   -0.377357545819388829E+01   -0.436829942686801132E+03   -0.819831319988483997E+01    1
   -0.369615913633169990E+01   -0.436829911222174360E+03   -0.820331319988483898E+01    1
   -0.377345218062400800E+01   -0.436829546105247402E+03   -0.820831319988483799E+01    1
   -0.377334204842898080E+01   -0.436829192286350462E+03   -0.821331319988483521E+01    1
   -0.377297359108924857E+01   -0.436828011827466526E+03   -0.821831319988483777E+01    1
   -0.377257594743501512E+01   -0.436826743572953717E+03   -0.822331319988483855E+01    1
   -0.377252043830677852E+01   -0.436826567006543144E+03   -0.822831319988483223E+01    1
