    0.325103836807866475E-98    0.465814393610248135E+04   -0.362853040200679722E+01
    0.153331816137938749E-96    0.465042667637682189E+04   -0.368340241208430896E+01
    0.221367599659097265E-95    0.464507706546973623E+04   -0.362885810409690457E+01
    0.891141104442326196E-95    0.464228170924024107E+04   -0.368308488209966178E+01
    0.742938093098252664E-94    0.463803031917476073E+04   -0.362903723151099422E+01
    0.202756015293189527E-91    0.462680202733675014E+04   -0.362932626298527339E+01
    0.130711060097703238E-90    0.462306488539478505E+04   -0.368232692382148974E+01
    0.637832568069715248E-90    0.461988471224009845E+04   -0.362950660001156322E+01
    0.243786024198242868E-89    0.461719311190585086E+04   -0.362957725207901216E+01
    0.162974635261364872E-88    0.461338333434733431E+04   -0.368194015711348044E+01
    0.365371803814551484E-88    0.461175869254952795E+04   -0.368187491987330384E+01
    0.515280158262768602E-88    0.461106110200218791E+04   -0.362973923795258724E+01
    0.129582184935670280E-87    0.460920672268984890E+04   -0.368177224816311011E+01
    0.370620000631742482E-86    0.460248982856768635E+04   -0.368150083989389509E+01
    0.471656460185991987E-86    0.460199768136498096E+04   -0.368148088613615965E+01
    0.490748334896337879E-86    0.460190832024862084E+04   -0.362998373611308711E+01
    0.420468508449632913E-85    0.459760227377121464E+04   -0.368130226135253924E+01
    0.207169836568619532E-83    0.458979759472423939E+04   -0.368098321081146018E+01
    0.177049737978262845E-82    0.458549664098776339E+04   -0.363043062161739272E+01
    0.255161026822720047E-81    0.458015054255183441E+04   -0.363057864328574986E+01
    0.373889395741431008E-79    0.457016607178632057E+04   -0.368016958957722906E+01
    0.564708534471929422E-79    0.456933137236735183E+04   -0.363088205020258581E+01
    0.985341697802820725E-79    0.456820801486237451E+04   -0.368008753077771678E+01
    0.487907472227264459E-78    0.456499857007749506E+04   -0.367995265937773386E+01
    0.758435483781503127E-78    0.456410630616599701E+04   -0.367991508134561407E+01
    0.831293836894178641E-78    0.456391285498767684E+04   -0.363103599889998874E+01
    0.194800848185206817E-77    0.456219969596441024E+04   -0.363108495655571639E+01
    0.167934638729681357E-76    0.455788133157204447E+04   -0.367965190405080733E+01
    0.647933219897290708E-76    0.455517090599843141E+04   -0.367953675327571883E+01
    0.776678131802917301E-76    0.455479842922956504E+04   -0.363129806727271465E+01
    0.799635046008355551E-75    0.455012500022091717E+04   -0.367932145622171980E+01
    0.214754918869886968E-74    0.454813914596570976E+04   -0.367923638953367460E+01
    0.311852676575722548E-74    0.454738307912545042E+04   -0.367920395209536899E+01
    0.241808931259720490E-73    0.454327667496300910E+04   -0.363163515845010831E+01
    0.649326925540906077E-73    0.454129109805667849E+04   -0.363169392741528085E+01
    0.702844483949060408E-72    0.453651752922588003E+04   -0.363183605254813191E+01
    0.720378922629898978E-71    0.453185307562914022E+04   -0.363197609181445147E+01
    0.843997504066784237E-71    0.453152633126449655E+04   -0.367851706881916840E+01
    0.720552131552938181E-70    0.452722742461813687E+04   -0.367832861001400779E+01
    0.122325950911550754E-66    0.451234340098761913E+04   -0.363257486820220965E+01
    0.206946286734849510E-65    0.450667669067277620E+04   -0.363275292837981834E+01
    0.335976218763507224E-65    0.450569752846327992E+04   -0.367736938113384371E+01
    0.515725060697414508E-64    0.450022529144648433E+04   -0.367712126363719927E+01
    0.118955645238097799E-63    0.449854376746216349E+04   -0.367704465264037905E+01
    0.191435817899917304E-62    0.449297699346950503E+04   -0.363319162339668278E+01
    0.582945512648662477E-62    0.449073991122187545E+04   -0.367668677441244807E+01
    0.751266220455518739E-62    0.449022257851144332E+04   -0.367666291193025518E+01
    0.914448689020670736E-62    0.448981945594920671E+04   -0.367664430541430143E+01
    0.139909433782974439E-61    0.448895893785580938E+04   -0.367660455181490242E+01
    0.143075008118762638E-61    0.448890419042918529E+04   -0.363332438001705427E+01
    0.297926479589256364E-61    0.448742723499270687E+04   -0.363337279642167488E+01
    0.147572220781068144E-60    0.448421712291655149E+04   -0.363347853833623624E+01
    0.182790438971007752E-59    0.447917390739842904E+04   -0.367614903367187784E+01
    0.404755393906763861E-59    0.447757402226932209E+04   -0.363369963160749432E+01
    0.419305627128017733E-58    0.447288821777254543E+04   -0.363385747271577531E+01
    0.949624763082249024E-58    0.447124328408062502E+04   -0.367577498558196325E+01
    0.196460891131171064E-57    0.446977932096695622E+04   -0.367570544437273172E+01
    0.216560031091969664E-56    0.446496934197156861E+04   -0.367547584744774580E+01
    0.190229758751022562E-54    0.445600827198098250E+04   -0.367504341006279001E+01
    0.604829377435199760E-54    0.445368484438237374E+04   -0.367493025682855112E+01
    0.175838648183303509E-53    0.445154043338564043E+04   -0.367482543454935495E+01
    0.431869001874643106E-53    0.444973332237964587E+04   -0.363466199083932207E+01
    0.656148770134072457E-51    0.443967645152543719E+04   -0.367423854515495130E+01
    0.439196583315090262E-50    0.443586416221174022E+04   -0.363516516341158713E+01
    0.240183328632122954E-49    0.443245608124532282E+04   -0.363529146608141307E+01
    0.313091353065231207E-49    0.443191589622583888E+04   -0.367384795546531695E+01
    0.108025883950916754E-48    0.442942897433217786E+04   -0.367372161233542194E+01
    0.140622779379841734E-48    0.442889155409790510E+04   -0.367369423288565944E+01
    0.172766539269742603E-48    0.442846983366315180E+04   -0.367367272859914218E+01
    0.167705354502276548E-47    0.442391412868068619E+04   -0.363561290897911649E+01
    0.281541054701326611E-47    0.442286798931627345E+04   -0.363565277042755675E+01
    0.919350659773761668E-46    0.441588604045693955E+04   -0.367302299811877120E+01
    0.549164299418781006E-45    0.441230141016929429E+04   -0.367283494387867826E+01
    0.930478688402191110E-44    0.440663163697259370E+04   -0.367253466115882699E+01
    0.168222353654366108E-43    0.440543729185555640E+04   -0.367247095064380424E+01
    0.148161449057290142E-42    0.440107608984308263E+04   -0.367223692281862668E+01
    0.319081007555747185E-42    0.439953180492003594E+04   -0.367215352284465801E+01
    0.481478214064265542E-42    0.439869897297700754E+04   -0.363660627753872578E+01
    0.416968017680697107E-41    0.439437150571420716E+04   -0.367187276048179534E+01
    0.421071813862102146E-41    0.439434191796274263E+04   -0.367187114127598857E+01
    0.149021881395748693E-40    0.439180416827317913E+04   -0.363689071347136483E+01
    0.150412996056432701E-40    0.439177558493805100E+04   -0.367173028112071442E+01
    0.867414014996811341E-40    0.438826132179601700E+04   -0.363703921686376042E+01
    0.137601320034508502E-39    0.438732846335007252E+04   -0.367148420146659671E+01
    0.177067869929504471E-39    0.438681411817751359E+04   -0.367145557429945946E+01
    0.261085936686921310E-39    0.438602748516259635E+04   -0.367141172456600229E+01
    0.126180697106020022E-38    0.438286658423429435E+04   -0.367123468842367684E+01
    0.425346732181563872E-38    0.438042620484806957E+04   -0.367109707399757834E+01
    0.114832054934761887E-37    0.437842990267739060E+04   -0.367098388287747923E+01
    0.155528490643625451E-37    0.437781318614673182E+04   -0.367094880056944373E+01
    0.183638624730034047E-37    0.437747090435473638E+04   -0.363750193785903342E+01
    0.678737622196540327E-37    0.437484637474573628E+04   -0.367077926513749953E+01
    0.276233430912883715E-36    0.437202918128468809E+04   -0.363774160125453605E+01
    0.349381869914185332E-36    0.437154934281525220E+04   -0.363776294749875762E+01
    0.484845058223986647E-36    0.437088401508492825E+04   -0.367055081422096130E+01
    0.531967595045920869E-36    0.437068850867772562E+04   -0.367053948092882010E+01
    0.917647226960745506E-36    0.436958804776474699E+04   -0.367047557905237287E+01
    0.120479997406613772E-35    0.436903353615852302E+04   -0.363787544707981825E+01
    0.103789365058813972E-34    0.436471660643878295E+04   -0.363807081324124404E+01
    0.252206724822310646E-34    0.436293083528195530E+04   -0.367008494335380142E+01
    0.542784896990040726E-34    0.436138790725096533E+04   -0.363822352922659942E+01
    0.119068151502189184E-33    0.435980677120984001E+04   -0.366989913710300186E+01
    0.135705904390181793E-33    0.435953518311858443E+04   -0.366988290648336690E+01
    0.174442179229583574E-33    0.435902297660037129E+04   -0.366985226177967405E+01
    0.366077065759003769E-33    0.435753047552475982E+04   -0.366976270983138697E+01
    0.411419375759570824E-33    0.435728693712511813E+04   -0.363841425513096350E+01
    0.430636744438424324E-33    0.435718563344279391E+04   -0.363841900346536784E+01
    0.437701066009798927E-33    0.435714309091225005E+04   -0.363842099806956032E+01
    0.772501345337106728E-33    0.435599689577098434E+04   -0.366967028902487913E+01
    0.126865150494694520E-32    0.435499474365518290E+04   -0.363852214093332194E+01
    0.287187479344128764E-32    0.435335072260436027E+04   -0.363860010111926613E+01
    0.267125571975122084E-31    0.434888038518989561E+04   -0.363881461664336303E+01
    0.335248971407386701E-31    0.434841607599158033E+04   -0.366920718889113662E+01
    0.503074376370315527E-31    0.434759434685019005E+04   -0.363887703254983830E+01
    0.171147433130399987E-30    0.434513560197946208E+04   -0.366900342445282668E+01
    0.181708483309117786E-30    0.434500584538791463E+04   -0.363900364375966712E+01
    0.301567364314601946E-30    0.434398266587008857E+04   -0.363905405896810485E+01
    0.121300129297505075E-29    0.434118894676388391E+04   -0.366875543646283919E+01
    0.154393625295578754E-29    0.434069647182806148E+04   -0.366872426739810820E+01
    0.206613997004812748E-29    0.434010377792027066E+04   -0.366868668810530885E+01
    0.294899280501333534E-29    0.433938221477562092E+04   -0.363928339779690369E+01
    0.334446072376230748E-29    0.433912053123171609E+04   -0.366862418266819867E+01
    0.338574077272211966E-29    0.433908599671122647E+04   -0.366862198356222002E+01
    0.362118521423292763E-29    0.433894153939667376E+04   -0.363930559984026658E+01
    0.527730193596371046E-29    0.433817831221539382E+04   -0.366856409212269075E+01
    0.577489877134761704E-29    0.433798810070070340E+04   -0.363935377897851708E+01
    0.643597802950603736E-29    0.433776133452479735E+04   -0.363936526692158280E+01
    0.127449487261828170E-28    0.433638487212613745E+04   -0.366844918415428367E+01
    0.182854154433236038E-28    0.433565293461209512E+04   -0.366840208543517132E+01
    0.348666261990026779E-28    0.433435208195102678E+04   -0.363953934698896298E+01
    0.482120688224263162E-28    0.433369392339522801E+04   -0.366827543882061669E+01
    0.116327358506744597E-27    0.433192232561032142E+04   -0.363966501683153254E+01
    0.126499112199489700E-27    0.433174467157575600E+04   -0.366814855702374576E+01
    0.154135969378965678E-27    0.433133947189383798E+04   -0.366812207114667022E+01
    0.269007755782892617E-27    0.433021566173348401E+04   -0.366804841158781691E+01
    0.297957168951668008E-27    0.433000124266001967E+04   -0.363976535256584288E+01
    0.696052792396966890E-27    0.432829429113846436E+04   -0.366792177951843623E+01
    0.785645772369009611E-27    0.432804213011654974E+04   -0.366790509411612975E+01
    0.891047585739844277E-27    0.432778034648934954E+04   -0.366788775557352231E+01
    0.135139125123594413E-26    0.432693736236118093E+04   -0.363992721257752017E+01
    0.809918353558208956E-26    0.432334610508066271E+04   -0.366759146966956973E+01
    0.230716899725527084E-25    0.432124241895045998E+04   -0.366744913985442889E+01
    0.393123156731256843E-24    0.431556138572033797E+04   -0.366705877566478033E+01
    0.491858787995461517E-24    0.431510324827965451E+04   -0.366702689899257894E+01
    0.644553546177748923E-24    0.431455251579638116E+04   -0.366698849886290557E+01
    0.705348547425751574E-24    0.431436224744940228E+04   -0.364061708531357642E+01
    0.125993290344820484E-23    0.431319200410311350E+04   -0.366689325394541488E+01
    0.278102001630478025E-23    0.431159848549424896E+04   -0.366678099269834723E+01
    0.404460786670797627E-23    0.431083935183355425E+04   -0.366672724064133915E+01
    0.776844260404539859E-23    0.430952398162528243E+04   -0.364089452912555700E+01
    0.398959237900944630E-22    0.430624157272368575E+04   -0.364108694879747441E+01
    0.804643682076762461E-22    0.430482849212879410E+04   -0.366629516197621719E+01
    0.138653685675335406E-21    0.430373016233115595E+04   -0.364123658760606261E+01
    0.209219507135936314E-21    0.430289735309135904E+04   -0.366615379671653585E+01
    0.208203932640572571E-21    0.430289708495020932E+04   -0.366615377699806544E+01
    0.278760641692924149E-21    0.430230341404269711E+04   -0.364132256723463588E+01
    0.317718335741960899E-21    0.430203179053249551E+04   -0.366609001356051056E+01
    0.412301233377703964E-20    0.429689544239142288E+04   -0.366570591218698105E+01
    0.518942234205808766E-20    0.429642536570402717E+04   -0.366567026256725548E+01
    0.579009036364405654E-20    0.429619631468515672E+04   -0.364169897723015001E+01
    0.222761813638028167E-19    0.429349157446705249E+04   -0.364187028173994509E+01
    0.262844753028001145E-19    0.429315065353733098E+04   -0.364189208506842554E+01
    0.610899974405691894E-19    0.429145391419224597E+04   -0.364200132184324543E+01
    0.937925637402304455E-19    0.429058643933168332E+04   -0.364205764376863206E+01
    0.328733989757479546E-18    0.428806811271788047E+04   -0.366502137251865712E+01
    0.414120436858108990E-18    0.428759629679816862E+04   -0.366498383693679841E+01
    0.519430348068264050E-18    0.428713314502855792E+04   -0.364228515060840241E+01
    0.627613879840859969E-18    0.428674476020906059E+04   -0.366491583337215809E+01
    0.666186192744472550E-18    0.428661547208147022E+04   -0.366490547901393171E+01
    0.959277685221074236E-18    0.428587624930171660E+04   -0.366484612585264280E+01
    0.142372225448093168E-17    0.428507655042790248E+04   -0.364242324901392367E+01
    0.215657978179475145E-17    0.428423605285904341E+04   -0.366471350107254779E+01
    0.249340902533797269E-17    0.428393579820258674E+04   -0.366468908123294579E+01
    0.276362053391432485E-17    0.428372001670833833E+04   -0.366467150419089149E+01
    0.361388763342563975E-17    0.428317353172448748E+04   -0.366462688543891524E+01
    0.558381650194414455E-17    0.428229335491677193E+04   -0.364261341021798302E+01
    0.102835225352836789E-16    0.428106201420299931E+04   -0.364269879223282445E+01
    0.110529482387618635E-16    0.428090770552118465E+04   -0.366444027304773279E+01
    0.119555866114611827E-16    0.428074070258781103E+04   -0.366442641365334287E+01
    0.134242316202033682E-16    0.428049897711628728E+04   -0.366440632707410430E+01
    0.177442032015942009E-16    0.427993098215903228E+04   -0.366435900652516899E+01
    0.204633869818740443E-16    0.427963582534689522E+04   -0.364279868096146764E+01
    0.241100299777484275E-16    0.427929784405268038E+04   -0.366430605487652761E+01
    0.266811053564207533E-16    0.427908518862313304E+04   -0.364283753949728872E+01
    0.498620645058494701E-16    0.427782457895722837E+04   -0.366418199202168715E+01
    0.588028748121406039E-16    0.427748471843366860E+04   -0.366415320108302378E+01
    0.133655853310264298E-15    0.427583256344893744E+04   -0.366401230094059605E+01
    0.145671369738485913E-15    0.427565039353893189E+04   -0.364308375981527188E+01
    0.255592465497438852E-15    0.427451593143509399E+04   -0.366389887112826962E+01
    0.288863432283216238E-15    0.427426119187627137E+04   -0.364318529285438952E+01
    0.962403213304671879E-15    0.427184423291681287E+04   -0.366366544351433721E+01
    0.132629528542720559E-14    0.427119281025418604E+04   -0.366360784219618552E+01
    0.158146388452262157E-14    0.427083088751127707E+04   -0.366357571985678687E+01
    0.213247864686065796E-14    0.427022301939157296E+04   -0.366352157370619658E+01
    0.220309570119562385E-14    0.427014786234948497E+04   -0.364349297722262300E+01
    0.246025650573945031E-14    0.426991705813558019E+04   -0.364351056873225421E+01
    0.371783849346198309E-14    0.426908130446731775E+04   -0.364357457160949716E+01
    0.376798138337127901E-14    0.426904451053388311E+04   -0.366341588856193123E+01
    0.436133570999594917E-14    0.426874203263395430E+04   -0.366338860976200209E+01
    0.727259396300620394E-14    0.426770936330260702E+04   -0.364368068763971120E+01
    0.108709947858222773E-13    0.426689539293868711E+04   -0.366322067286641673E+01
    0.124386641876620175E-13    0.426661596996358458E+04   -0.364376622109717951E+01
    0.261231113175196020E-13    0.426512194853863821E+04   -0.366305705136009729E+01
    0.298217538224319027E-13    0.426484711312337549E+04   -0.364390646982430866E+01
    0.464444676464592995E-13    0.426395107465634192E+04   -0.364397842930517957E+01
    0.641664001075333005E-13    0.426329462994408277E+04   -0.366288594103590270E+01
    0.674169168189526463E-13    0.426318579741024041E+04   -0.366287566653892771E+01
    0.739268890577965998E-13    0.426299143612761054E+04   -0.366285729378501834E+01
    0.760463484442965620E-13    0.426292490336113678E+04   -0.364406162079065910E+01
    0.789150978184392501E-13    0.426284084423906461E+04   -0.366284303744364781E+01
    0.107565162358423322E-12    0.426221139571504955E+04   -0.364411996847937747E+01
    0.124273185766181506E-12    0.426191262485918469E+04   -0.366275475324468847E+01
    0.127704875800832091E-12    0.426184814547786482E+04   -0.364414983548167815E+01
    0.139337095147478785E-12    0.426166379708153181E+04   -0.364416503518568735E+01
    0.207930171375544471E-12    0.426085318474825726E+04   -0.364423221327631630E+01
    0.238160965679023536E-12    0.426057169582295228E+04   -0.364425567328116262E+01
    0.337563657702465005E-12    0.425986408114996539E+04   -0.366255733514970760E+01
    0.512238971846497063E-12    0.425902000684977429E+04   -0.366247492021270737E+01
    0.565296948701464653E-12    0.425881288703384052E+04   -0.366245459862288048E+01
    0.571534889200129681E-12    0.425878093830616763E+04   -0.364440656007590746E+01
    0.107685961686384635E-11    0.425750398072144526E+04   -0.364451594582584448E+01
    0.109117609162039561E-11    0.425746756661249401E+04   -0.364451908766897859E+01
    0.159341208064341242E-11    0.425670032344866104E+04   -0.366224503347106278E+01
    0.160014775977298497E-11    0.425668188685820496E+04   -0.366224318575578067E+01
    0.189262426895973543E-11    0.425633615007170647E+04   -0.364461734686225691E+01
    0.220620854214854553E-11    0.425601952790702671E+04   -0.366217658175444249E+01
    0.242090607227885062E-11    0.425582379504763048E+04   -0.366215681607961185E+01
    0.248604279849830346E-11    0.425576069439038838E+04   -0.364466780725799167E+01
    0.257883140962620637E-11    0.425567740609924658E+04   -0.366214200809458479E+01
    0.308495027935971505E-11    0.425530900772723180E+04   -0.364470764871138275E+01
    0.383794684406224999E-11    0.425486220371271611E+04   -0.364474726530033966E+01
    0.490013916733851108E-11    0.425436355159546292E+04   -0.366200812198129588E+01
    0.491975056130345763E-11    0.425434556314729070E+04   -0.366200627642199183E+01
    0.644097920098516547E-11    0.425379671765108378E+04   -0.366194980113032109E+01
    0.149473372304402999E-10    0.425210301246329072E+04   -0.366177344918251046E+01
    0.174840983401009709E-10    0.425177949520476068E+04   -0.366173939716290775E+01
    0.180758498001122823E-10    0.425170292524356410E+04   -0.364503350069673360E+01
    0.205085828995429455E-10    0.425144039185478505E+04   -0.364505779039162947E+01
    0.262827496419018189E-10    0.425093425317422316E+04   -0.364510484690537595E+01
    0.318402137935961978E-10    0.425054061865673157E+04   -0.364514165454067607E+01
    0.318975246927981555E-10    0.425052702198599854E+04   -0.366160641451526248E+01
    0.320749298795746146E-10    0.425050592935916484E+04   -0.364514490718150341E+01
    0.345582102442268809E-10    0.425034678849652391E+04   -0.364515984772047386E+01
    0.415157909613730202E-10    0.424996993108797233E+04   -0.364519535135236428E+01
    0.569143212206114479E-10    0.424932898480686254E+04   -0.364525613883677302E+01
    0.739043419448041995E-10    0.424879653564677301E+04   -0.364530703100956099E+01
    0.943024366587673611E-10    0.424829906475040207E+04   -0.364535491038924286E+01
    0.114470339636584940E-09    0.424790144731396140E+04   -0.364539341310187615E+01
    0.222976441041228177E-09    0.424655794656723629E+04   -0.366117202636042949E+01
    0.236507980944738839E-09    0.424643011490102617E+04   -0.366115768534836761E+01
    0.256125366168597606E-09    0.424626074473547214E+04   -0.364555455915549054E+01
    0.280164155607093384E-09    0.424607132740507404E+04   -0.366111731024545595E+01
    0.337491157595535511E-09    0.424568900018737986E+04   -0.366107408265988621E+01
    0.423137278350574851E-09    0.424522668548487673E+04   -0.364565807913734385E+01
    0.445628309956505199E-09    0.424511310837025758E+04   -0.366100856621800119E+01
    0.474818844613094793E-09    0.424497621210482703E+04   -0.366099291972784746E+01
    0.552600636161460604E-09    0.424466280768047727E+04   -0.364571519545585065E+01
    0.676540834159189850E-09    0.424424809319447559E+04   -0.364575751142645377E+01
    0.109742161227015672E-08    0.424327064137088655E+04   -0.364585831165313756E+01
    0.112225632565790025E-08    0.424321588577942111E+04   -0.364586400350711859E+01
    0.178522400798265873E-08    0.424227748044586860E+04   -0.364596231754492184E+01
    0.182066573870219697E-08    0.424222816380052154E+04   -0.364596752500929977E+01
    0.219216580852519243E-08    0.424184678823231934E+04   -0.364600793550253677E+01
    0.263761202274771973E-08    0.424146682030796001E+04   -0.364604844672278983E+01
    0.285398328752673294E-08    0.424129913692345963E+04   -0.366056154890507957E+01
    0.339731036861746596E-08    0.424094060014890238E+04   -0.366051826879477682E+01
    0.338604253274411370E-08    0.424093724455994834E+04   -0.364610533325036990E+01
    0.433562464345125596E-08    0.424043283686407904E+04   -0.364615998625774695E+01
    0.560437452427153507E-08    0.423990947333424265E+04   -0.364621719012364043E+01
    0.610397934558754280E-08    0.423972868642946833E+04   -0.364623707015636178E+01
    0.720556263177889742E-08    0.423938686161896658E+04   -0.366032798361034128E+01
    0.718462852063014770E-08    0.423938268061767030E+04   -0.364627529303130071E+01
    0.735022252436209223E-08    0.423932710707354090E+04   -0.366032057409753797E+01
    0.816968208137722224E-08    0.423910570825954710E+04   -0.366029306000129928E+01
    0.949472982207143848E-08    0.423879509447171768E+04   -0.366025429569930516E+01
    0.973424704783821791E-08    0.423873526766796385E+04   -0.364634744075247230E+01
    0.972884194064565669E-08    0.423872637851061336E+04   -0.366024569402181754E+01
    0.167432350916454198E-07    0.423763057964678865E+04   -0.366010721968633845E+01
    0.168461479196210450E-07    0.423760832420881707E+04   -0.366010438132057736E+01
    0.199440035502134160E-07    0.423726071120145934E+04   -0.366005991045210877E+01
    0.221683361332826840E-07    0.423703923830903841E+04   -0.366003144047734530E+01
    0.239413485172956313E-07    0.423687535419474716E+04   -0.364655949807088042E+01
    0.253298917300771103E-07    0.423675259787066170E+04   -0.364657375578133358E+01
    0.291905792000093815E-07    0.423645887619575751E+04   -0.365995632137902538E+01
    0.338878445919014573E-07    0.423615045548296894E+04   -0.365991609167544185E+01
    0.345430494646784560E-07    0.423610215553644230E+04   -0.364664986930978108E+01
    0.432703972524314426E-07    0.423564163077996727E+04   -0.365984924015328250E+01
    0.523086055005523387E-07    0.423525224645261005E+04   -0.364675080594380052E+01
    0.578558295964263587E-07    0.423504065981099939E+04   -0.364677620393902613E+01
    0.587495308635011958E-07    0.423500000191454001E+04   -0.365976406138051225E+01
    0.636174111996119979E-07    0.423483079386215923E+04   -0.364680150419632154E+01
    0.714296759523432010E-07    0.423458914142475987E+04   -0.365970898741162110E+01
    0.776202470025590707E-07    0.423441291163364349E+04   -0.364685220980028513E+01
    0.919371308160368284E-07    0.423406435828440772E+04   -0.365963802112745018E+01
    0.101381361628054270E-06    0.423385878972214505E+04   -0.364692013633403800E+01
    0.110070772597392406E-06    0.423368432115760697E+04   -0.364694168998225443E+01
    0.131174926215382589E-06    0.423332350475575458E+04   -0.365953660797706970E+01
    0.133728504446501421E-06    0.423327494493303766E+04   -0.365952990921178323E+01
    0.139629679781143989E-06    0.423317858070269449E+04   -0.364700463095052818E+01
    0.156932022847168518E-06    0.423293494277773698E+04   -0.364703520261255587E+01
    0.182815656911586874E-06    0.423261961163821343E+04   -0.365943886732123058E+01
    0.222762005152538337E-06    0.423221436032975271E+04   -0.364712660342210437E+01
    0.355142832224109981E-06    0.423127152814422061E+04   -0.365924767049844624E+01
    0.377327987817814289E-06    0.423114033864305202E+04   -0.364726568460464495E+01
    0.386946273142616248E-06    0.423107999654131345E+04   -0.364727360408669465E+01
    0.410358705848991384E-06    0.423095250491088518E+04   -0.364729037443766524E+01
    0.469399910349485581E-06    0.423067365806506587E+04   -0.365916108867974899E+01
    0.800175728230318341E-06    0.422959690552225220E+04   -0.365900218682629053E+01
    0.880408829896970642E-06    0.422939579549188602E+04   -0.365897206527611996E+01
    0.119442984544912472E-05    0.422877571978245942E+04   -0.365887827321196468E+01
    0.138278648911346317E-05    0.422847285637526693E+04   -0.364762747993396896E+01
    0.143879444554624113E-05    0.422838344654724551E+04   -0.365881819881652692E+01
    0.148450502272287268E-05    0.422831089489463557E+04   -0.364765027297764899E+01
    0.155268687278935847E-05    0.422821108389889923E+04   -0.364766437018904544E+01
    0.157702422659302142E-05    0.422816997835131860E+04   -0.365878525882401284E+01
    0.160035932375464801E-05    0.422813060132919873E+04   -0.364767576587614828E+01
    0.173620874060448839E-05    0.422795764998936920E+04   -0.365875231712975779E+01
    0.201741505917032439E-05    0.422764742365544862E+04   -0.365870386225952915E+01
    0.222337814046515118E-05    0.422744300224357812E+04   -0.364777418271146736E+01
    0.232098543130456475E-05    0.422734707399121999E+04   -0.364778806723177773E+01
    0.269726571690694796E-05    0.422703658056706809E+04   -0.364783327443698635E+01
    0.277710652974258481E-05    0.422696823855388084E+04   -0.365859638745790239E+01
    0.291035628555910765E-05    0.422686450667477857E+04   -0.365857979947394441E+01
    0.323664838806703614E-05    0.422664198099942405E+04   -0.365854405546879624E+01
    0.343106946916266353E-05    0.422651531366961899E+04   -0.365852361063905729E+01
    0.361037416977471919E-05    0.422640343486173424E+04   -0.364792676036232066E+01
    0.365319376661581631E-05    0.422636985411284968E+04   -0.365850004327899914E+01
    0.429695860311856722E-05    0.422603524275026939E+04   -0.365844546036084051E+01
    0.427844492555610995E-05    0.422603387847511385E+04   -0.365844523674715871E+01
    0.493762986468872659E-05    0.422573728682877481E+04   -0.364802709467686803E+01
    0.494172690466430658E-05    0.422572562800004562E+04   -0.365839448561657976E+01
    0.504108657963020821E-05    0.422567581439186961E+04   -0.364803645986345249E+01
    0.516208021509954332E-05    0.422561837841052693E+04   -0.365837672050340768E+01
    0.607992583432011696E-05    0.422528107269675365E+04   -0.365832047884099154E+01
    0.728247105204052266E-05    0.422491011722227449E+04   -0.365825796242725998E+01
    0.783573847007529551E-05    0.422475366744377970E+04   -0.364817921495355035E+01
    0.867747471881427005E-05    0.422453959658129315E+04   -0.365819480058945645E+01
    0.937450240746801168E-05    0.422437507070413358E+04   -0.364823911056501515E+01
    0.958894910592995698E-05    0.422431983509073507E+04   -0.365815698819845903E+01
    0.995457688429698495E-05    0.422423499282439661E+04   -0.365814231882148366E+01
    0.113642541054322236E-04    0.422396011204334718E+04   -0.365809451315877698E+01
    0.123136614505423443E-04    0.422378963902584019E+04   -0.365806464791271413E+01
    0.125585116085654748E-04    0.422374026038892498E+04   -0.365805596560239188E+01
    0.170084755057185747E-04    0.422312363413400271E+04   -0.364844289295906687E+01
    0.171286320030855460E-04    0.422309955479309156E+04   -0.365794198098589085E+01
    0.183386538402555411E-04    0.422295303556409544E+04   -0.365791555740086594E+01
    0.193018293645442117E-04    0.422284065793766240E+04   -0.365789519792658524E+01
    0.224587114398171101E-04    0.422252770053929726E+04   -0.364854331857245207E+01
    0.281654373025412402E-04    0.422206486649459839E+04   -0.365775235605029714E+01
    0.303719546500848993E-04    0.422190401841555376E+04   -0.365772221840162937E+01
    0.328739814969427160E-04    0.422173569467408288E+04   -0.365769047975270212E+01
    0.374048188586845163E-04    0.422146745860673764E+04   -0.364872800245985740E+01
    0.380336160136037608E-04    0.422142411689074197E+04   -0.365763117476863453E+01
    0.384322941185716139E-04    0.422139326149429871E+04   -0.365762526179707503E+01
    0.382540567850318328E-04    0.422139255846317974E+04   -0.364874136094004964E+01
    0.413217409543186254E-04    0.422122828013831986E+04   -0.365759352060468679E+01
    0.413621780359313561E-04    0.422121632391344247E+04   -0.365759121205906146E+01
    0.423299490935497577E-04    0.422116006798811031E+04   -0.365758033486316769E+01
    0.436564054365180004E-04    0.422108835765812546E+04   -0.364879606342051144E+01
    0.465159792563273443E-04    0.422095146590498825E+04   -0.364882091958986443E+01
    0.479564851105044872E-04    0.422088046961288455E+04   -0.365752589829750363E+01
    0.482274970537225061E-04    0.422085919901857869E+04   -0.364883775889014927E+01
    0.539357649480440871E-04    0.422062547009094942E+04   -0.365747569153213004E+01
    0.548007340013454796E-04    0.422058365051585679E+04   -0.365746740544682503E+01
    0.558271922545485908E-04    0.422053653555780238E+04   -0.364889720429805076E+01
    0.569725477012207035E-04    0.422048591862687226E+04   -0.364890660990784887E+01
    0.583996296569384810E-04    0.422042643859530926E+04   -0.364891769081951090E+01
    0.592688949445894532E-04    0.422038688842956526E+04   -0.365742821724798883E+01
    0.601022543688311623E-04    0.422034896298968761E+04   -0.365742062503792909E+01
    0.600247554400243176E-04    0.422034154355636201E+04   -0.364893356001513913E+01
    0.645063123453862584E-04    0.422018753152228965E+04   -0.365738816567708191E+01
    0.666225166228949766E-04    0.422011297247627863E+04   -0.365737309489647977E+01
    0.685595815484825525E-04    0.422004565135028497E+04   -0.364898937274916335E+01
    0.723381545458587062E-04    0.421992835426123838E+04   -0.365733555843111713E+01
    0.728557291723821760E-04    0.421990409534603896E+04   -0.364901635668308710E+01
    0.755543197418324052E-04    0.421982135396327158E+04   -0.365731365776897510E+01
    0.765767694867376951E-04    0.421978447017127110E+04   -0.364903930660505749E+01
    0.773471731454698617E-04    0.421975444963180780E+04   -0.364904508736622502E+01
    0.793075403159753837E-04    0.421969439127181158E+04   -0.365728753000517992E+01
    0.802134839332646355E-04    0.421966167443278755E+04   -0.364906300698746788E+01
    0.841681223477514347E-04    0.421955542518171933E+04   -0.365725875315556603E+01
    0.846371131784383649E-04    0.421953431197101963E+04   -0.365725436447805929E+01
    0.858231421482050260E-04    0.421949648030769094E+04   -0.364909512231911215E+01
    0.896345713661592764E-04    0.421939957551854877E+04   -0.364911408764670053E+01
    0.957029048093548812E-04    0.421925856038938946E+04   -0.365719663500785863E+01
    0.983922953269729758E-04    0.421919313268901624E+04   -0.364915480903311540E+01
    0.101525580477386469E-03    0.421912043610968249E+04   -0.365716742515923965E+01
    0.102079703127157975E-03    0.421909954986924549E+04   -0.364917341407116869E+01
    0.109971356490894267E-03    0.421894061781926303E+04   -0.365712909595394908E+01
    0.110477123804902832E-03    0.421892144074168573E+04   -0.364920908077045780E+01
    0.115554080847380858E-03    0.421882158038631587E+04   -0.365710353020785428E+01
    0.116149286014432179E-03    0.421880130506775913E+04   -0.365709916013904879E+01
    0.116706642548581159E-03    0.421878173077687461E+04   -0.365709493684356790E+01
    0.120173504931025935E-03    0.421871318454608172E+04   -0.365708011382097364E+01
    0.123328228948313211E-03    0.421865135903353985E+04   -0.364926382688025974E+01
    0.131527089462721671E-03    0.421851263202411428E+04   -0.364929226698092091E+01
    0.136353643068921735E-03    0.421843055403706512E+04   -0.365701843084115197E+01
    0.137759038789825756E-03    0.421840004556549775E+04   -0.365701171700979355E+01
    0.138477059769945120E-03    0.421837964833499882E+04   -0.365700722216235086E+01
    0.155392824844453068E-03    0.421813914516256500E+04   -0.365695384630702236E+01
    0.178338751189528630E-03    0.421785368801541881E+04   -0.365688956241361574E+01
    0.192347085285817139E-03    0.421769245474014951E+04   -0.364946515972052499E+01
    0.195530485746570645E-03    0.421764962508277404E+04   -0.365684296179475599E+01
    0.196637726800333264E-03    0.421762833152087387E+04   -0.364947904000044954E+01
    0.206057807508487156E-03    0.421752474419516238E+04   -0.364950158068031261E+01
    0.206642965034778561E-03    0.421750907269699837E+04   -0.365681053929874800E+01
    0.225588101518161074E-03    0.421732363613848520E+04   -0.365676734349925692E+01
    0.236267039630728162E-03    0.421722113231356798E+04   -0.364956851064395194E+01
    0.240335117366761487E-03    0.421717698914845187E+04   -0.364957835214368043E+01
    0.242296117125417518E-03    0.421715073648670841E+04   -0.364958421864398996E+01
    0.246457501030523062E-03    0.421710667855394422E+04   -0.364959408692883791E+01
    0.302185214570348368E-03    0.421668897744662263E+04   -0.364968912198642892E+01
    0.303497053965277300E-03    0.421667031388478881E+04   -0.365661110981680837E+01
    0.302596404441091052E-03    0.421666625785382257E+04   -0.364969437024549670E+01
    0.324082837227200279E-03    0.421651905938481923E+04   -0.364972857908925885E+01
    0.324760854503681248E-03    0.421650487953360425E+04   -0.365657047936785151E+01
    0.325298426940288856E-03    0.421649157169646060E+04   -0.365656719112813677E+01
    0.343653733329211996E-03    0.421637178856942955E+04   -0.365653745798258090E+01
    0.356116913240220551E-03    0.421629053952212416E+04   -0.365651714859359789E+01
    0.363330504926566466E-03    0.421624043188811811E+04   -0.364979433945075993E+01
    0.376616298920391071E-03    0.421615860390312264E+04   -0.364981391180521664E+01
    0.395770899071575856E-03    0.421604938667967781E+04   -0.365645617410329127E+01
    0.395829759208273446E-03    0.421603908925629366E+04   -0.364984271780243485E+01
    0.412101973299127658E-03    0.421594851603849202E+04   -0.364986472551523367E+01
    0.412244336939364680E-03    0.421593782524317976E+04   -0.365642760314411497E+01
    0.413049356789823349E-03    0.421592392350438331E+04   -0.365642402635684238E+01
    0.416213247199469628E-03    0.421589866220719614E+04   -0.364987690565761236E+01
    0.417713754456774944E-03    0.421588146489196970E+04   -0.365641307916463276E+01
    0.430203133533791596E-03    0.421581254269054170E+04   -0.365639523434804481E+01
    0.433057583760981704E-03    0.421578931627783368E+04   -0.365638919976254062E+01
    0.452646316374416210E-03    0.421569083556800251E+04   -0.364992820402966700E+01
    0.465071009160816047E-03    0.421562667748835338E+04   -0.365634664138903442E+01
    0.462998165059152708E-03    0.421562561151010959E+04   -0.364994448174638730E+01
    0.464475252222540976E-03    0.421560924113491728E+04   -0.365634204683935771E+01
    0.467898718327674102E-03    0.421558455397462149E+04   -0.364995477310177607E+01
    0.476388975030714974E-03    0.421553858830203535E+04   -0.365632336500905808E+01
    0.481328107639228040E-03    0.421550795934391499E+04   -0.364997406593419660E+01
    0.493892731923440049E-03    0.421544642098844815E+04   -0.364998965619291749E+01
    0.516628251824000333E-03    0.421534641055761040E+04   -0.365001516717673402E+01
    0.514394389862848109E-03    0.421534507715858126E+04   -0.365001550878066405E+01
    0.520564695172955169E-03    0.421531122934273299E+04   -0.365002419342004769E+01
    0.519924432989800974E-03    0.421530369073227212E+04   -0.365002613112880248E+01
    0.540307853237219447E-03    0.421521677954055303E+04   -0.365004856261694188E+01
    0.547300514342608565E-03    0.421518106161609376E+04   -0.365005783094090352E+01
    0.577849546307590382E-03    0.421506243062339126E+04   -0.365619463156342306E+01
    0.586807300315292987E-03    0.421502166471778946E+04   -0.365009955353353854E+01
    0.585055853074205909E-03    0.421501764305592587E+04   -0.365010061398243568E+01
    0.599661202571867297E-03    0.421495832802524819E+04   -0.365011629970430640E+01
    0.607181986048084478E-03    0.421492340057516594E+04   -0.365615605836063429E+01
    0.605058704879276698E-03    0.421492040671959239E+04   -0.365615522256300007E+01
    0.612294160995547937E-03    0.421488663204744353E+04   -0.365013537413663958E+01
    0.616994607944465869E-03    0.421486133712252195E+04   -0.365613868668074860E+01
    0.621663088107676700E-03    0.421483626111796002E+04   -0.365613164061203122E+01
    0.634358594371046101E-03    0.421478582889034442E+04   -0.365611742165082809E+01
    0.677849921157274381E-03    0.421464320587553084E+04   -0.365607685542657279E+01
    0.687078511849329018E-03    0.421460616055623450E+04   -0.365606623099478245E+01
    0.704487582579867546E-03    0.421454611628131443E+04   -0.365604893203419667E+01
    0.728226358417459452E-03    0.421446983382843700E+04   -0.365024887512593388E+01
    0.742273941375831345E-03    0.421442162095543335E+04   -0.365601274829047451E+01
    0.758093539525466886E-03    0.421436944412976209E+04   -0.365599745358043737E+01
    0.768157206867434855E-03    0.421433306887467188E+04   -0.365598674447314753E+01
    0.770999302836535005E-03    0.421431568275329573E+04   -0.365598161229496199E+01
    0.768386580239804906E-03    0.421431247175957196E+04   -0.365029296074180731E+01
    0.784959749442363424E-03    0.421425979280821139E+04   -0.365596505401689864E+01
    0.781110673919687098E-03    0.421425962399642867E+04   -0.365596500386353451E+01
    0.785138278130202575E-03    0.421423933798644794E+04   -0.365595897076790788E+01
    0.784741457280859161E-03    0.421423034907245346E+04   -0.365595629350742968E+01
    0.785332073923035359E-03    0.421421884438707821E+04   -0.365595286340272096E+01
    0.802549993232911339E-03    0.421416546939210184E+04   -0.365033479959717511E+01
    0.884833217954260234E-03    0.421396025934603767E+04   -0.365587468478827393E+01
    0.886284570906258561E-03    0.421394698152163528E+04   -0.365039821940200726E+01
    0.896481462825559966E-03    0.421391410246083706E+04   -0.365040789647402519E+01
    0.964028899354924104E-03    0.421375881514646608E+04   -0.365581227108994700E+01
    0.964431482375102504E-03    0.421374798011136772E+04   -0.365580887457743930E+01
    0.976164044372295620E-03    0.421371379639087627E+04   -0.365046764335431995E+01
    0.986938094152618782E-03    0.421368184305946943E+04   -0.365578805208206159E+01
    0.104259857540502511E-02    0.421356211468006404E+04   -0.365051383283465114E+01
    0.105965872118510902E-02    0.421351965334371744E+04   -0.365052691592587752E+01
    0.110750325555534221E-02    0.421342133080901931E+04   -0.365570446388261594E+01
    0.112429292237290228E-02    0.421338123848476607E+04   -0.365569136762980484E+01
    0.112608446830053817E-02    0.421336805404767892E+04   -0.365057419540518824E+01
    0.115383461554589297E-02    0.421330936544653105E+04   -0.365059274498987030E+01
    0.116853534802709483E-02    0.421327404488336924E+04   -0.365565603276532780E+01
    0.119469870742472178E-02    0.421321975908215973E+04   -0.365563795602722763E+01
    0.119186564835430217E-02    0.421321450743163405E+04   -0.365062302862790133E+01
    0.121454153934579825E-02    0.421316681379056718E+04   -0.365063839964014347E+01
    0.122164071686209201E-02    0.421314515752372881E+04   -0.365561290827536656E+01
    0.125399987819849353E-02    0.421308287044383087E+04   -0.365559180778753756E+01
    0.125395077419136487E-02    0.421307294876117248E+04   -0.365066894281568199E+01
    0.125356984130008836E-02    0.421306355642579911E+04   -0.365067202075943964E+01
    0.125230179578492314E-02    0.421305558054483936E+04   -0.365067463767019884E+01
    0.124836183592976629E-02    0.421305188281286974E+04   -0.365558124540154683E+01
    0.126649679219091441E-02    0.421301303781870683E+04   -0.365068864534883097E+01
    0.127847795835562086E-02    0.421298420658326722E+04   -0.365069818606553032E+01
    0.127716798178309347E-02    0.421297625690904442E+04   -0.365555528227766224E+01
    0.130278214492740769E-02    0.421292654295564444E+04   -0.365071738559222236E+01
    0.132312014825190197E-02    0.421288556174196219E+04   -0.365552378918767484E+01
    0.134139034829177935E-02    0.421284813383517667E+04   -0.365551067603956525E+01
    0.145810964830125054E-02    0.421267126546328200E+04   -0.365544774519794924E+01
    0.153740406811344330E-02    0.421255535648593377E+04   -0.365540559749327043E+01
    0.153801424762524527E-02    0.421254456286443929E+04   -0.365084881232624081E+01
    0.154625486960915958E-02    0.421252387554594770E+04   -0.365539401990633905E+01
    0.155958967644068852E-02    0.421249670161651011E+04   -0.365086583898799333E+01
    0.158597120335834821E-02    0.421245315320144164E+04   -0.365088144772570633E+01
    0.162083736813570462E-02    0.421239966131476831E+04   -0.365090077578227179E+01
    0.161485486100243969E-02    0.421239705696741657E+04   -0.365534679182031397E+01
    0.160724370581019648E-02    0.421239650567817534E+04   -0.365090192143713033E+01
    0.160032363433104956E-02    0.421239513537349467E+04   -0.365090241911717861E+01
    0.160024464906653101E-02    0.421238523408754463E+04   -0.365090601859500197E+01
    0.159838567670999524E-02    0.421237755879828183E+04   -0.365533944446272718E+01
    0.159353058546587490E-02    0.421237364303682716E+04   -0.365533796607749517E+01
    0.162099827659503747E-02    0.421232946277483370E+04   -0.365532121944811816E+01
    0.164846049912873837E-02    0.421228586349091711E+04   -0.365094248406432165E+01
    0.167110261886216816E-02    0.421224857981524201E+04   -0.365529023701368150E+01
    0.167775018490980794E-02    0.421223063969345367E+04   -0.365096302468757372E+01
    0.172811713076541557E-02    0.421216148222980701E+04   -0.365098903651438444E+01
    0.173143877609304320E-02    0.421214764168328838E+04   -0.365525096181891351E+01
    0.173225790348036286E-02    0.421213669572585786E+04   -0.365099843953476499E+01
    0.173467016324385746E-02    0.421212391255862076E+04   -0.365100330582635024E+01
    0.174571582278288469E-02    0.421210121776365395E+04   -0.365523266119561052E+01
    0.175923356540202925E-02    0.421207579065399113E+04   -0.365522257235326098E+01
    0.177163805362837547E-02    0.421205173798870237E+04   -0.365521298555545737E+01
    0.179445366067305652E-02    0.421201614591739599E+04   -0.365104479895071021E+01
    0.181917617864390461E-02    0.421197877963496103E+04   -0.365518364263862461E+01
    0.188789200321024886E-02    0.421189462540519617E+04   -0.365514928716668352E+01
    0.190088807836223737E-02    0.421187090476072171E+04   -0.365513950116289621E+01
    0.189309631476770488E-02    0.421186911963325929E+04   -0.365513876284639405E+01
    0.189255342112631215E-02    0.421185969326651411E+04   -0.365513485982191799E+01
    0.189472375960617013E-02    0.421184740102476462E+04   -0.365512975914547322E+01
    0.189195727111118699E-02    0.421184032336120072E+04   -0.365111439864261866E+01
    0.190002190814339078E-02    0.421182181630057676E+04   -0.365112187028605062E+01
    0.189343702081842314E-02    0.421181875971982754E+04   -0.365511782549575859E+01
    0.188553339983755976E-02    0.421181712563077690E+04   -0.365112376857985410E+01
    0.190417139420933777E-02    0.421178745323342173E+04   -0.365510470190159742E+01
    0.191964553086635520E-02    0.421176126603468128E+04   -0.365509365939456199E+01
    0.191315746349353453E-02    0.421175803713518417E+04   -0.365114784291111727E+01
    0.191046948913237754E-02    0.421175084909862835E+04   -0.365115079223796712E+01
    0.190217107982379192E-02    0.421174955531917294E+04   -0.365115132357326200E+01
    0.193720189016611979E-02    0.421170305791945702E+04   -0.365506889744640828E+01
    0.192967763304618370E-02    0.421170084121507989E+04   -0.365506794842548066E+01
    0.193266538855004595E-02    0.421168774697297522E+04   -0.365506233332218322E+01
    0.192892539417933518E-02    0.421168162101945018E+04   -0.365117943399346778E+01
    0.193086498745292131E-02    0.421166961096890827E+04   -0.365118444741838255E+01
    0.193075342755410053E-02    0.421165972652657092E+04   -0.365118858360644616E+01
    0.193604402305809584E-02    0.421164425367843432E+04   -0.365119507669094379E+01
    0.197056555944397300E-02    0.421159890595887009E+04   -0.365121423800085942E+01
    0.197389418039292750E-02    0.421158553046822362E+04   -0.365121992775952542E+01
    0.198364799203703179E-02    0.421156567199448637E+04   -0.365500920729888312E+01
    0.197441107891443935E-02    0.421156500680200224E+04   -0.365500891384686444E+01
    0.198431918291389151E-02    0.421154499538517575E+04   -0.365123727913827834E+01
    0.197732294506135437E-02    0.421154205937015922E+04   -0.365499876330571816E+01
    0.197295483777995290E-02    0.421153648246068860E+04   -0.365124094415525491E+01
    0.197136426556393692E-02    0.421152809548667392E+04   -0.365124456216774940E+01
    0.199912001245418358E-02    0.421149013295406894E+04   -0.365497559559300722E+01
    0.203595398391319881E-02    0.421144361813956857E+04   -0.365495460158996188E+01
    0.203758429947508649E-02    0.421143201725548715E+04   -0.365494932925236782E+01
    0.203763296931264810E-02    0.421142196948396031E+04   -0.365494475083149872E+01
    0.203369093636090277E-02    0.421141584245921331E+04   -0.365494195348291973E+01
    0.202933080107875734E-02    0.421141013496586220E+04   -0.365129623251928015E+01
    0.202465475628387263E-02    0.421140474874339270E+04   -0.365129862792351467E+01
    0.201613625607141057E-02    0.421140318126346756E+04   -0.365493615966144914E+01
    0.203952650109629841E-02    0.421137011178677312E+04   -0.365492094166493153E+01
    0.203807989292145763E-02    0.421136153086266768E+04   -0.365491697245000191E+01
    0.203097168791429965E-02    0.421135851844893568E+04   -0.365491557700168057E+01
    0.205350301502380157E-02    0.421132645288869207E+04   -0.365133382213610602E+01
    0.207535959096309458E-02    0.421129527826295543E+04   -0.365488603525924027E+01
    0.208427150935841824E-02    0.421127670833757838E+04   -0.365487726910033661E+01
    0.210525140849202172E-02    0.421124667734606010E+04   -0.365486300209906023E+01
    0.213638645485501183E-02    0.421120731547541072E+04   -0.365484412879736764E+01
    0.213271529202625938E-02    0.421120075522826846E+04   -0.365139186829980966E+01
    0.215241426683671772E-02    0.421117236688009143E+04   -0.365140525803235683E+01
    0.216166246609774152E-02    0.421115379196221147E+04   -0.365141407770854620E+01
    0.215164389137374734E-02    0.421115308283275135E+04   -0.365141441534545708E+01
    0.216297973457305233E-02    0.421113257357839666E+04   -0.365480772805136311E+01
    0.219018881011225292E-02    0.421109757162444112E+04   -0.365144106279509328E+01
    0.220355087606468030E-02    0.421107540694642103E+04   -0.365477936400320136E+01
    0.221890699870250707E-02    0.421105151767055850E+04   -0.365146350542587417E+01
    0.221579292243981926E-02    0.421104432649805949E+04   -0.365146703808303030E+01
    0.220569693581702808E-02    0.421104346007474305E+04   -0.365476330614975975E+01
    0.219745436280506957E-02    0.421104094796882691E+04   -0.365476203699297209E+01
    0.220437587822207683E-02    0.421102465829317680E+04   -0.365147674000039668E+01
    0.219366089801631328E-02    0.421102440355175531E+04   -0.365475365457004386E+01
    0.220823793832972343E-02    0.421100115736492444E+04   -0.365148841038948913E+01
    0.220061433209415647E-02    0.421099807400750251E+04   -0.365474022757519013E+01
    0.219718671415696865E-02    0.421099119158248595E+04   -0.365473669996698369E+01
    0.221145095466370942E-02    0.421096824945264598E+04   -0.365472488652601157E+01
    0.221168492762223142E-02    0.421095803786252964E+04   -0.365471960109009508E+01
    0.222228373299618309E-02    0.421093847638262559E+04   -0.365151996582572735E+01
    0.221905346180841607E-02    0.421093138566117432E+04   -0.365152357591899701E+01
    0.222817406076254200E-02    0.421091318224752467E+04   -0.365469618036413024E+01
    0.223810834839894895E-02    0.421089428509046229E+04   -0.365154260353008198E+01
    0.223294424427087756E-02    0.421088890512685612E+04   -0.365154538237029858E+01
    0.222442254844040267E-02    0.421088655242770346E+04   -0.365468211466938975E+01
    0.223404154783104917E-02    0.421086792253713429E+04   -0.365155626877529915E+01
    0.227852914995491790E-02    0.421081848688374248E+04   -0.365158223100886214E+01
    0.226773182153302199E-02    0.421081798686519141E+04   -0.365464531926326686E+01
    0.225722145578759062E-02    0.421081727790887999E+04   -0.365464493429991144E+01
    0.224624408023973684E-02    0.421081702808656155E+04   -0.365464479862386149E+01
    0.224167158778363056E-02    0.421081110346976948E+04   -0.365158614737684406E+01
    0.224575137844540201E-02    0.421079746682413406E+04   -0.365159340780378283E+01
    0.223920180525502078E-02    0.421079330820314317E+04   -0.365159562901556534E+01
    0.223089550626846258E-02    0.421079074097962985E+04   -0.365159700188995728E+01
    0.224661762563953607E-02    0.421076669551865689E+04   -0.365160992301152820E+01
    0.226599526229959809E-02    0.421073951899033818E+04   -0.365162466490541116E+01
    0.227469489890052287E-02    0.421072185526791964E+04   -0.365459222796484262E+01
    0.227484277196090667E-02    0.421071172525641487E+04   -0.365163989781337861E+01
    0.226468326113398724E-02    0.421071067731679705E+04   -0.365164047531279223E+01
    0.226677632385068918E-02    0.421069882973296535E+04   -0.365164702048501422E+01
    0.226325923079903624E-02    0.421069193531014298E+04   -0.365165084309574794E+01
    0.228370181966667954E-02    0.421066395167106839E+04   -0.365455933155705681E+01
    0.230197512348950285E-02    0.421063801212646376E+04   -0.365454435525335031E+01
    0.230617016509053864E-02    0.421062437071110253E+04   -0.365168885998427006E+01
    0.229658513553863573E-02    0.421062270054206783E+04   -0.365453544275590092E+01
    0.233322154137673545E-02    0.421058104723718952E+04   -0.365171379320498790E+01
    0.232558333568181090E-02    0.421057760532471730E+04   -0.365450887104551025E+01
    0.231909296938078748E-02    0.421057319483847368E+04   -0.365171836118072246E+01
    0.233627202006094848E-02    0.421054843412373066E+04   -0.365449141580686865E+01
    0.235303193965076237E-02    0.421052413776666071E+04   -0.365447671090574921E+01
    0.234850229902492606E-02    0.421051799152315652E+04   -0.365175091694132892E+01
    0.235943426354189283E-02    0.421049870339106747E+04   -0.365176248121451774E+01
    0.235233015672596133E-02    0.421049473434810625E+04   -0.365176487345383194E+01
    0.235975275096383420E-02    0.421047843343997465E+04   -0.365177474426785276E+01
    0.234801457246983482E-02    0.421047840691743295E+04   -0.365444860413329264E+01
    0.233690737831045202E-02    0.421047789028990883E+04   -0.365444828330370841E+01
    0.234637354322369358E-02    0.421045980520770809E+04   -0.365178611629346150E+01
    0.234207542394176179E-02    0.421045347219482119E+04   -0.365443303253712815E+01
    0.233909087169253656E-02    0.421044602245897840E+04   -0.365442834525117055E+01
    0.235038419230708959E-02    0.421042638953222831E+04   -0.365441591346763506E+01
    0.234042503264104366E-02    0.421042488203247922E+04   -0.365180770891764661E+01
    0.233389825469730626E-02    0.421042046725351247E+04   -0.365441214057880170E+01
    0.232969780179910057E-02    0.421041407001325751E+04   -0.365440805303092375E+01
    0.232244370210424452E-02    0.421041030723159474E+04   -0.365181682912462557E+01
    0.231406165411430099E-02    0.421040753858924654E+04   -0.365440386668667827E+01
    0.230267154260935117E-02    0.421040740715572338E+04   -0.365440378230750129E+01
    0.230867666233667288E-02    0.421039219816012792E+04   -0.365182825310801018E+01
    0.233044130526053207E-02    0.421036343183190638E+04   -0.365184661672221855E+01
    0.232870705736331739E-02    0.421035492072888246E+04   -0.365436964373686646E+01
    0.232329915773580881E-02    0.421034957068145195E+04   -0.365436611284209611E+01
    0.231882748029381977E-02    0.421034342381099668E+04   -0.365436204401049025E+01
    0.231510622369127768E-02    0.421033663599109332E+04   -0.365435753579224931E+01
    0.233089171093785706E-02    0.421031304532815102E+04   -0.365434174192394501E+01
    0.231950620483389403E-02    0.421031283849343163E+04   -0.365187959201309198E+01
    0.231201504105114832E-02    0.421030930822112350E+04   -0.365188192663335709E+01
    0.231135768250523852E-02    0.421029987694754072E+04   -0.365433283874126857E+01
    0.230263433197014800E-02    0.421029743947552197E+04   -0.365433118377586652E+01
    0.229384914581044329E-02    0.421029508462155536E+04   -0.365432958281327025E+01
    0.228619264038624993E-02    0.421029177147107657E+04   -0.365189359163236738E+01
    0.227905992939466014E-02    0.421028802104144506E+04   -0.365189610115131691E+01
    0.228626520395301940E-02    0.421027170799224859E+04   -0.365431357678194590E+01
    0.229104383429676664E-02    0.421025753206089666E+04   -0.365430376795968703E+01
    0.228816750263041192E-02    0.421025004457393243E+04   -0.365192181656122727E+01
    0.229337675456524337E-02    0.421023549654044291E+04   -0.365193181914976162E+01
    0.228439130759249247E-02    0.421023334792862170E+04   -0.365428684901106227E+01
    0.228902330178437944E-02    0.421021929669236033E+04   -0.365427690838969532E+01
    0.229165379387780144E-02    0.421020699965868789E+04   -0.365426814009312828E+01
    0.228107517227964761E-02    0.421020625333678527E+04   -0.365426760583660615E+01
    0.227131418734945927E-02    0.421020482993172755E+04   -0.365426658621680778E+01
    0.226655276842647156E-02    0.421019902698793612E+04   -0.365195728272816833E+01
    0.226334288400910832E-02    0.421019186138872647E+04   -0.365196235351075149E+01
    0.226250847060112696E-02    0.421018259885299722E+04   -0.365196894221552304E+01
    0.225241982209499004E-02    0.421018153690440704E+04   -0.365424977368495085E+01
    0.224416698606709790E-02    0.421017887833527129E+04   -0.365424783927063856E+01
    0.224227267829276485E-02    0.421017056725390466E+04   -0.365197755893318998E+01
    0.225186936882815691E-02    0.421015202573027545E+04   -0.365199097020713914E+01
    0.224688926593295379E-02    0.421014645371171173E+04   -0.365199503260911040E+01
    0.224124596770796172E-02    0.421014148324037342E+04   -0.365422027964087537E+01
    0.223091645230623532E-02    0.421014072220157414E+04   -0.365199922707723035E+01
    0.221990518299077649E-02    0.421014061816477624E+04   -0.365199930336310885E+01
    0.220978913895368730E-02    0.421013975293651310E+04   -0.365199993800599465E+01
    0.220289944925301535E-02    0.421013599828572478E+04   -0.365421618063370657E+01
    0.220093043829947032E-02    0.421012778673907997E+04   -0.365421001596405759E+01
    0.219949232631492901E-02    0.421011909398805346E+04   -0.365201520255821510E+01
    0.219113231395167687E-02    0.421011671023690360E+04   -0.365420164633591416E+01
    0.219478471267206977E-02    0.421010337921213250E+04   -0.365202696064564414E+01
    0.219164380499417208E-02    0.421009624341767176E+04   -0.365203234290137946E+01
    0.219282588568300374E-02    0.421008516499241068E+04   -0.365417745717306186E+01
    0.218663765989707010E-02    0.421008081703617427E+04   -0.365204407299057188E+01
    0.217905984919082975E-02    0.421007776009010831E+04   -0.365204641310108702E+01
    0.217145154654381977E-02    0.421007475541521944E+04   -0.365204871831613254E+01
    0.216293624462357125E-02    0.421007261379179818E+04   -0.365205036450581844E+01
    0.215718193453100270E-02    0.421006794171409820E+04   -0.365416402020591935E+01
    0.214979042158418114E-02    0.421006480641588132E+04   -0.365416155601928327E+01
    0.213931162181274243E-02    0.421006457892351955E+04   -0.365205656396423706E+01
    0.215381093680972607E-02    0.421004106953036535E+04   -0.365207492017412783E+01
    0.214312177731113516E-02    0.421004102005299046E+04   -0.365207495915562941E+01
    0.213440002561182847E-02    0.421003917595651455E+04   -0.365414119492383183E+01
    0.212816632257923884E-02    0.421003502567892792E+04   -0.365413786063323354E+01
    0.212273242767824005E-02    0.421003013885445125E+04   -0.365208356867554418E+01
    0.211305740420043983E-02    0.421002927532314970E+04   -0.365413322321696032E+01
    0.210890078517260654E-02    0.421002321342029336E+04   -0.365412831208815314E+01
    0.210216442123569488E-02    0.421001961215254050E+04   -0.365412538342467608E+01
    0.210431646790990934E-02    0.421000756574185289E+04   -0.365411552601091172E+01
    0.209902425302698967E-02    0.421000260194332259E+04   -0.365411143646940495E+01
    0.209192107397610872E-02    0.420999938149809986E+04   -0.365410877443050097E+01
    0.208259756801814884E-02    0.420999831524329056E+04   -0.365210918102636839E+01
    0.207499107128679460E-02    0.420999563343263344E+04   -0.365410566745188792E+01
    0.206745554701100480E-02    0.420999290984030449E+04   -0.365410340372548692E+01
    0.207822596385163995E-02    0.420997251787841014E+04   -0.365213044344457138E+01
    0.206958826215814917E-02    0.420997084777334658E+04   -0.365213183616804304E+01
    0.205966517807725609E-02    0.420997046026463704E+04   -0.365213215960529691E+01
    0.204949715411347887E-02    0.420997035818922086E+04   -0.365213224482147325E+01
    0.203988031900707639E-02    0.420996976485602863E+04   -0.365408395807489716E+01
    0.203165960647467853E-02    0.420996784113562171E+04   -0.365408232462796612E+01
    0.202219686527921197E-02    0.420996717817895114E+04   -0.365408176108076432E+01
    0.201273343028742033E-02    0.420996655970641314E+04   -0.365213542131921809E+01
    0.201369473500364118E-02    0.420995560471137105E+04   -0.365214464204030875E+01
    0.200625428527231560E-02    0.420995300824628157E+04   -0.365214684062620343E+01
    0.199760897876965918E-02    0.420995164522448795E+04   -0.365214799682607172E+01
    0.198844337792810884E-02    0.420995084291300282E+04   -0.365406777234405844E+01
    0.200832450837863706E-02    0.420992094554093001E+04   -0.365404163531958170E+01
    0.204541577191935577E-02    0.420987434497342838E+04   -0.365399939250581074E+01
    0.205224888455244996E-02    0.420985767471654799E+04   -0.365223143553155971E+01
    0.204528996791432599E-02    0.420985446798790326E+04   -0.365223442560227607E+01
    0.204510619317986586E-02    0.420984464770128761E+04   -0.365224364766858756E+01
    0.204547602397173916E-02    0.420983428606006146E+04   -0.365225348757846824E+01
    0.203728828035871232E-02    0.420983230783548515E+04   -0.365395951767299731E+01
    0.202975599498940191E-02    0.420982971596135849E+04   -0.365395699871888224E+01
    0.202242943689894808E-02    0.420982694817340507E+04   -0.365226052608401508E+01
    0.202092785019064147E-02    0.420981843365853183E+04   -0.365226876825949098E+01
    0.201464499044387004E-02    0.420981466114104387E+04   -0.365227244647428240E+01
    0.200523791350770914E-02    0.420981402170634647E+04   -0.365394158576630712E+01
    0.199525303654757421E-02    0.420981400537866921E+04   -0.365227308752101099E+01
    0.198992981919241538E-02    0.420980934839123802E+04   -0.365393694163302918E+01
    0.198376770961002698E-02    0.420980555129367531E+04   -0.365393314927147950E+01
    0.197508750132097382E-02    0.420980432173031568E+04   -0.365228261264693055E+01
    0.196704219285600635E-02    0.420980248515491985E+04   -0.365228443176144868E+01
    0.195834589439052931E-02    0.420980134676299531E+04   -0.365228556137875593E+01
    0.194872260150845324E-02    0.420980119897045188E+04   -0.365228570814753883E+01
    0.194367171714993287E-02    0.420979638948999309E+04   -0.365229049889619439E+01
    0.193451926606516794E-02    0.420979582942538127E+04   -0.365229105863144321E+01
    0.192520435895073721E-02    0.420979548288879414E+04   -0.365392300920623470E+01
    0.192343395998507190E-02    0.420978732291525921E+04   -0.365229960845619894E+01
    0.191586002507701286E-02    0.420978521389184243E+04   -0.365391253734689325E+01
    0.190983951782768609E-02    0.420978150870109403E+04   -0.365230550542020449E+01
    0.190246660390754377E-02    0.420977924462037936E+04   -0.365230781364463120E+01
    0.189547727199319903E-02    0.420977660580320207E+04   -0.365390365451752963E+01
    0.188923948753404614E-02    0.420977319841290409E+04   -0.365231401108394049E+01
    0.188082025338020121E-02    0.420977213116063558E+04   -0.365231511013103205E+01
    0.187787707700428079E-02    0.420976526328511227E+04   -0.365232221989534178E+01
    0.187141198596957412E-02    0.420976216069668499E+04   -0.365232545323403146E+01
    0.186609844582915295E-02    0.420975784741656662E+04   -0.365388395022654944E+01
    0.185807974121927053E-02    0.420975646001950736E+04   -0.365233142972961389E+01
    0.185081806707797008E-02    0.420975429165445166E+04   -0.365233371528555484E+01
    0.186139057254935069E-02    0.420973289947789817E+04   -0.365385695283089618E+01
    0.185608426738982537E-02    0.420972860906194819E+04   -0.365385221263267113E+01
    0.185018167235097243E-02    0.420972497946291242E+04   -0.365384817914665216E+01
    0.185047503520870322E-02    0.420971466237015647E+04   -0.365237676146253420E+01
    0.184713682062686364E-02    0.420970827358260340E+04   -0.365238394393465926E+01
    0.183801371307252951E-02    0.420970817616444765E+04   -0.365382921618646428E+01
    0.182960223266444700E-02    0.420970734996593637E+04   -0.365238498827601799E+01
    0.182532061931907894E-02    0.420970203582714566E+04   -0.365239102697264784E+01
    0.181781078735787421E-02    0.420970028130803621E+04   -0.365239303206264676E+01
    0.181082881245133993E-02    0.420969797783818831E+04   -0.365381746336523339E+01
    0.180190332596575514E-02    0.420969786011487304E+04   -0.365381732657611424E+01
    0.179757274960602232E-02    0.420969267256908370E+04   -0.365381127282122309E+01
    0.179287125880013814E-02    0.420968791035414051E+04   -0.365380566979423715E+01
    0.178437503981231484E-02    0.420968741066164421E+04   -0.365380507930055876E+01
    0.177718134070651277E-02    0.420968548994847242E+04   -0.365380280495701193E+01
    0.176927296925354538E-02    0.420968440971325163E+04   -0.365241143613856512E+01
    0.176268829828224124E-02    0.420968186696218618E+04   -0.365379849480753549E+01
    0.175481946146952917E-02    0.420968081517265455E+04   -0.365241567308747328E+01
    0.174720590912284097E-02    0.420967951135676049E+04   -0.365241721642677764E+01
    0.173886112355911321E-02    0.420967908638951121E+04   -0.365241772022012423E+01
    0.173161441474985840E-02    0.420967743881183651E+04   -0.365379319045143891E+01
    0.172629100783712572E-02    0.420967359677218337E+04   -0.365242426190651326E+01
    0.171834459322024475E-02    0.420967282437084214E+04   -0.365242518743272049E+01
    0.171103919805113205E-02    0.420967134532581713E+04   -0.365242696324815164E+01
    0.170623943356774336E-02    0.420966696355968907E+04   -0.365378047813632634E+01
    0.170065680512512720E-02    0.420966351806918829E+04   -0.365243644026596215E+01
    0.169729107649553893E-02    0.420965748014258952E+04   -0.365376876139299966E+01
    0.168970208394899615E-02    0.420965644267057451E+04   -0.365244512509942787E+01
    0.168137311765895279E-02    0.420965632555094908E+04   -0.365244526983038398E+01
    0.167805097228442869E-02    0.420965028116520807E+04   -0.365245278317327493E+01
    0.167010882447159539E-02    0.420964976955667225E+04   -0.365375908165305141E+01
    0.166295812951048694E-02    0.420964835108957323E+04   -0.365375728542458500E+01
    0.165467384419587700E-02    0.420964833930116311E+04   -0.365375727047617627E+01
    0.164728473269847215E-02    0.420964729050228834E+04   -0.365245653311888141E+01
    0.164248365852332563E-02    0.420964312808963496E+04   -0.365246178900081642E+01
    0.163552485281177776E-02    0.420964161960653109E+04   -0.365246370448764823E+01
    0.162933915795978809E-02    0.420963919811789674E+04   -0.365374557480241080E+01
    0.162494138366517556E-02    0.420963460364691127E+04   -0.365247269031702970E+01
    0.161749505146709148E-02    0.420963378975795786E+04   -0.365247374107043310E+01
    0.161001126231109879E-02    0.420963306478559934E+04   -0.365373760734845732E+01
    0.160243353687969273E-02    0.420963250026537844E+04   -0.365373686900634898E+01
    0.159518168126785331E-02    0.420963157186098942E+04   -0.365247661342905028E+01
    0.158724083253880392E-02    0.420963155276726502E+04   -0.365373562783632888E+01
    0.158043075317385647E-02    0.420963015225704476E+04   -0.365373378879568467E+01
    0.157341517412839128E-02    0.420962905007992958E+04   -0.365247989550997065E+01
    0.156688152439522755E-02    0.420962737242624007E+04   -0.365373012264494523E+01
    0.155934032230347361E-02    0.420962702141097543E+04   -0.365372965819469986E+01
    0.155530145728565144E-02    0.420962220835389508E+04   -0.365248888875622679E+01
    0.155163675868096908E-02    0.420961692643973947E+04   -0.365371615112979775E+01
    0.155158910638228485E-02    0.420960698786265948E+04   -0.365370255759292872E+01
    0.154479374726061648E-02    0.420960576632495304E+04   -0.365251106252047242E+01
    0.153808162039256019E-02    0.420960447525628933E+04   -0.365251283909980984E+01
    0.153123469192503314E-02    0.420960339833769012E+04   -0.365251432511684992E+01
    0.152519485967942564E-02    0.420960130277652024E+04   -0.365369464203703087E+01
    0.151785994912596650E-02    0.420960094430481331E+04   -0.365369413938728238E+01
    0.151278592842670921E-02    0.420959764126070331E+04   -0.365252233397290027E+01
    0.164480593209167495E-02    0.420943029399497482E+04   -0.365336110982137496E+01
    0.152785017711460215E-02    0.420957781553204495E+04   -0.365366075573895710E+01
    0.167770990570085860E-02    0.420939067937644450E+04   -0.365312944943395301E+01
    0.162060749805113531E-02    0.420945993664517209E+04   -0.365344320397447841E+01
    0.152105509334790503E-02    0.420958673033183641E+04   -0.365253782514847369E+01
    0.154636516300153616E-02    0.420955372455896031E+04   -0.365258752423860900E+01
    0.166341056008038001E-02    0.420940779870281858E+04   -0.365327419115161423E+01
    0.167330083211354340E-02    0.420939594235705135E+04   -0.365320084021940605E+01
    0.166828531180857921E-02    0.420940194612155756E+04   -0.365296633350296052E+01
    0.166539078277593532E-02    0.420940541920013857E+04   -0.365294707560375231E+01
    0.155546814090227396E-02    0.420954198568953416E+04   -0.365360469014710887E+01
    0.167538205061958751E-02    0.420939345634228448E+04   -0.365317655171138878E+01
    0.167482229079287987E-02    0.420939412467146667E+04   -0.365318381545515880E+01
    0.159727008580522450E-02    0.420948894684933930E+04   -0.365350772353455033E+01
    0.167124672560579044E-02    0.420939839902029871E+04   -0.365321992815129315E+01
    0.160489772043575195E-02    0.420947941874273329E+04   -0.365272254490199311E+01
    0.156229657195925569E-02    0.420953322500025297E+04   -0.365359000386692401E+01
    0.161816958956882283E-02    0.420946294754573955E+04   -0.365275959859376798E+01
    0.157541412351463344E-02    0.420951650245410383E+04   -0.365265009088246284E+01
    0.166052464507733966E-02    0.420941127159329335E+04   -0.365329027723519584E+01
    0.164603302890112182E-02    0.420942880246423647E+04   -0.365335627524997708E+01
    0.162530709231386325E-02    0.420945414524504031E+04   -0.365278114403114706E+01
    0.166045861054120339E-02    0.420941135112941993E+04   -0.365329062938478444E+01
    0.164996578532951386E-02    0.420942402969759860E+04   -0.365334014139369634E+01
    0.161777201159042931E-02    0.420946343899834210E+04   -0.365275843534765698E+01
    0.167660007684596914E-02    0.420939200284255367E+04   -0.365315741749171696E+01
    0.163744004089080484E-02    0.420943927065745174E+04   -0.365338847804905242E+01
    0.166874730541961207E-02    0.420940139234379512E+04   -0.365323959133604070E+01
    0.164578705119576042E-02    0.420942910135992315E+04   -0.365335725146314072E+01
    0.164286225627130011E-02    0.420943265880302170E+04   -0.365284106542086295E+01
    0.166801473824989286E-02    0.420940227052110822E+04   -0.365296442243435404E+01
    0.154059466072630716E-02    0.420956120183022540E+04   -0.365257585304873755E+01
    0.151865293556531261E-02    0.420958989137001481E+04   -0.365367842644999197E+01
    0.159106790191699578E-02    0.420949672794624348E+04   -0.365352334891132591E+01
    0.163628635562394439E-02    0.420944068028693800E+04   -0.365281722438055301E+01
    0.167546034628128504E-02    0.420939336287842980E+04   -0.365317547668599696E+01
    0.160649324485976296E-02    0.420947743141129649E+04   -0.365272682191429343E+01
    0.167767851755741787E-02    0.420939071679463814E+04   -0.365307845504639594E+01
    0.165698958093413564E-02    0.420941553389963519E+04   -0.365330829474206054E+01
    0.167159941878524190E-02    0.420939797699288192E+04   -0.365299232533342710E+01
    0.164620594454041374E-02    0.420942859237542962E+04   -0.365335558682093176E+01
    0.162917819631395880E-02    0.420944938737338634E+04   -0.365341646581615676E+01
    0.167290020315713126E-02    0.420939642126307535E+04   -0.365320484635603382E+01
    0.164544442251342987E-02    0.420942951777388407E+04   -0.365335860526432210E+01
    0.165271331750362917E-02    0.420942070205634445E+04   -0.365332820714557727E+01
    0.163657714797416499E-02    0.420944032488885841E+04   -0.365339152153707225E+01
    0.162755749095980944E-02    0.420945137796229938E+04   -0.365342168308655246E+01
    0.166454395400111714E-02    0.420940643643183830E+04   -0.365294186693851763E+01
    0.165435472378973694E-02    0.420941871672504749E+04   -0.365332077432984326E+01
    0.167734707521169347E-02    0.420939111195388523E+04   -0.365314103029022652E+01
    0.158496818157701836E-02    0.420950441013583986E+04   -0.365267237347561213E+01
    0.163048811229490518E-02    0.420944777994989272E+04   -0.365279766925114480E+01
    0.154916333911867552E-02    0.420955010879269958E+04   -0.365259326420675379E+01
    0.163372920551819903E-02    0.420944380828505200E+04   -0.365340135675133837E+01
    0.163559340209765104E-02    0.420944152744953317E+04   -0.365281482137139468E+01
    0.161994868409993963E-02    0.420946074985614359E+04   -0.365344517834814919E+01
    0.167798476341835651E-02    0.420939035174506535E+04   -0.365311358629852201E+01
    0.167501540576554505E-02    0.420939389407525232E+04   -0.365318138677841908E+01
    0.151720844253237222E-02    0.420959179460993528E+04   -0.365368116241570107E+01
    0.156882958976421261E-02    0.420952487908642161E+04   -0.365357558975602981E+01
    0.158261171052616030E-02    0.420950738587323667E+04   -0.365266678427970071E+01
    0.166810915653020381E-02    0.420940215731394528E+04   -0.365296508636881345E+01
    0.164748845932375970E-02    0.420942703483585137E+04   -0.365335042307209168E+01
    0.165498360550564503E-02    0.420941795659518357E+04   -0.365331786013247894E+01
    0.161699994107743585E-02    0.420946439371235465E+04   -0.365345388872821797E+01
    0.164867987017319577E-02    0.420942558902267410E+04   -0.365334553102123394E+01
    0.158406539426400421E-02    0.420950554964707044E+04   -0.365267022463992141E+01
    0.160609260915315580E-02    0.420947793024398379E+04   -0.365272574379727022E+01
    0.164844464939711941E-02    0.420942587438742157E+04   -0.365334650439287323E+01
    0.163308488752338262E-02    0.420944459721026760E+04   -0.365340353947123164E+01
    0.166233402919828193E-02    0.420940909348765945E+04   -0.365328036026157221E+01
    0.167059617348851034E-02    0.420939917769499425E+04   -0.365298386960915655E+01
    0.167799370257071083E-02    0.420939034109046497E+04   -0.365311255924255196E+01
    0.164540891317997511E-02    0.420942956093513112E+04   -0.365335874517446957E+01
    0.166918625876794351E-02    0.420940086632571547E+04   -0.365297289471137532E+01
    0.158866932851670583E-02    0.420949974526960250E+04   -0.365352925415445240E+01
    0.167600027999458847E-02    0.420939271846242355E+04   -0.365304156833319738E+01
    0.157995145386308645E-02    0.420951075055833826E+04   -0.365355013322988853E+01
    0.167126569159587791E-02    0.420939837632361105E+04   -0.365298944406445658E+01
    0.167792916974226071E-02    0.420939041800859559E+04   -0.365309075277451401E+01
    0.165847222132396417E-02    0.420941374514069048E+04   -0.365330093428184988E+01
    0.160221153802972069E-02    0.420948276902838643E+04   -0.365271544151947936E+01
    0.159205135177558862E-02    0.420949549211458088E+04   -0.365268957680049411E+01
    0.162321613663940164E-02    0.420945671989920265E+04   -0.365343527909117327E+01
    0.165562278591550719E-02    0.420941718431319987E+04   -0.365289459869233957E+01
    0.157032387097447135E-02    0.420952297503000409E+04   -0.365263860373972538E+01
    0.165745196520503775E-02    0.420941497587588674E+04   -0.365330602735410404E+01
    0.164482115624255847E-02    0.420943027548327063E+04   -0.365336105037525405E+01
    0.167789674514062250E-02    0.420939045665732465E+04   -0.365308861816175234E+01
    0.166761285512319617E-02    0.420940275244916211E+04   -0.365324763706919864E+01
    0.153533345998521490E-02    0.420956804361022205E+04   -0.365364603730223392E+01
    0.160725608765763792E-02    0.420947648193735404E+04   -0.365272888258114659E+01
    0.153953174655957871E-02    0.420956258218163748E+04   -0.365257372670627678E+01
    0.163021317456625028E-02    0.420944811722424583E+04   -0.365279677129211411E+01
    0.167361602854509137E-02    0.420939556565640942E+04   -0.365319756803652185E+01
    0.167712343136665028E-02    0.420939137863543147E+04   -0.365306250830016310E+01
    0.166183174529171800E-02    0.420940969789062183E+04   -0.365328316720845336E+01
    0.167800903268402286E-02    0.420939032281859272E+04   -0.365311039156815998E+01
    0.154668389203055628E-02    0.420955331237147220E+04   -0.365362306538112902E+01
    0.166966252535768133E-02    0.420940029574989876E+04   -0.365323273784509572E+01
    0.167005810917546498E-02    0.420939982195719222E+04   -0.365297956843831706E+01
    0.157496686347275393E-02    0.420951707033468301E+04   -0.365356169438930056E+01
    0.163232643125717182E-02    0.420944552628927886E+04   -0.365340608976776604E+01
    0.164384735334383199E-02    0.420943145991754773E+04   -0.365336482664393003E+01
    0.167621981644706366E-02    0.420939245650295015E+04   -0.365316405332602567E+01
    0.167454894434436799E-02    0.420939445111655732E+04   -0.365318713169738540E+01
    0.157429429253680658E-02    0.420951792459339686E+04   -0.365356323490164492E+01
    0.166523337183522094E-02    0.420940560824691602E+04   -0.365326321046946223E+01
    0.165649705430583201E-02    0.420941612847168108E+04   -0.365331068325827824E+01
    0.157180886914812658E-02    0.420952108459645842E+04   -0.365264192911784402E+01
    0.153951538262489334E-02    0.420956260344007751E+04   -0.365257369402603427E+01
    0.164096503690919194E-02    0.420943496978883650E+04   -0.365337570926629152E+01
    0.166378250515441172E-02    0.420940735154502727E+04   -0.365293731998707694E+01
    0.155072433348180691E-02    0.420954809453326834E+04   -0.365361468223145103E+01
    0.166404655292978483E-02    0.420940703416360975E+04   -0.365327044097374642E+01
    0.154293304459192479E-02    0.420955816844179844E+04   -0.365363074806071353E+01
    0.166961428985247930E-02    0.420940035352948144E+04   -0.365297612817245732E+01
    0.165631292717259094E-02    0.420941635079307525E+04   -0.365289787656416909E+01
    0.164150114320614818E-02    0.420943431649186732E+04   -0.365337371689273516E+01
    0.158372906467802387E-02    0.420950597433319399E+04   -0.365354119384667531E+01
    0.157642339524880870E-02    0.420951522158633998E+04   -0.365355834267472268E+01
    0.157174494286839266E-02    0.420952116593914707E+04   -0.365356903390836418E+01
    0.167430917467592056E-02    0.420939473750631805E+04   -0.365301922750383135E+01
    0.156628841713799568E-02    0.420952812129060931E+04   -0.365262966979463144E+01
    0.166285801219052693E-02    0.420940846316858006E+04   -0.365293195800122206E+01
    0.162594964478926973E-02    0.420945335471690214E+04   -0.365278314997062648E+01
    0.164555932542048635E-02    0.420942937811690899E+04   -0.365285146456055010E+01
    0.167781901381949014E-02    0.420939054931275405E+04   -0.365312470617746232E+01
    0.161760018719897211E-02    0.420946365143064486E+04   -0.365345213198787189E+01
    0.153789154449884120E-02    0.420956471409793357E+04   -0.365257045936549218E+01
    0.157642480705320865E-02    0.420951521979519202E+04   -0.365265240210666109E+01
    0.167236891738131092E-02    0.420939705653128385E+04   -0.365320992600510452E+01
    0.167664509341182281E-02    0.420939194914344898E+04   -0.365305255003444262E+01
    0.153612141199948324E-02    0.420956701744892143E+04   -0.365364446857635450E+01
    0.160887397863118935E-02    0.420947446971635964E+04   -0.365273328772889005E+01
    0.157692844386927641E-02    0.420951458093645306E+04   -0.365265355770962419E+01
    0.162683089534499227E-02    0.420945227102795798E+04   -0.365278592039634376E+01
    0.161383559715734082E-02    0.420946831139234109E+04   -0.365274710820385096E+01
    0.153767401422258399E-02    0.420956499701211305E+04   -0.365257002728634106E+01
    0.155348911739462583E-02    0.420954453191144785E+04   -0.365260224679640100E+01
    0.167574770317046782E-02    0.420939301988941133E+04   -0.365303775639248762E+01
    0.160028859512375220E-02    0.420948517083079969E+04   -0.365349991945379493E+01
    0.161337932396004484E-02    0.420946887692418386E+04   -0.365274581674003418E+01
    0.152852568817774047E-02    0.420957693146398015E+04   -0.365365944011607446E+01
    0.159945345224674572E-02    0.420948621484357773E+04   -0.365270826900294798E+01
    0.161441165333931391E-02    0.420946759762273996E+04   -0.365274874490780110E+01
    0.157216415898851140E-02    0.420952063256988095E+04   -0.365264272782477883E+01
    0.167005819368452597E-02    0.420939982185598728E+04   -0.365297956910232857E+01
    0.154352944289216595E-02    0.420955739552029354E+04   -0.365362953271548552E+01
    0.167536416364091781E-02    0.420939347769511460E+04   -0.365317679506968274E+01
    0.154350011581084047E-02    0.420955743352068293E+04   -0.365362959253280817E+01
    0.155335263277787852E-02    0.420954470763281097E+04   -0.365260196130046744E+01
    0.151367163172218071E-02    0.420959646231347870E+04   -0.365368781842372803E+01
    0.161654999045685119E-02    0.420946495031501490E+04   -0.365345520027627568E+01
    0.161662278087935040E-02    0.420946486026053572E+04   -0.365345498840827787E+01
    0.167675117051340372E-02    0.420939182261250153E+04   -0.365305458697510188E+01
    0.154621321374942469E-02    0.420955392109302829E+04   -0.365362403461545693E+01
    0.165019919390233319E-02    0.420942374679225941E+04   -0.365333915033225853E+01
    0.156021780017896478E-02    0.420953588794663483E+04   -0.365359451428283410E+01
    0.165694638140855737E-02    0.420941558604249622E+04   -0.365330850532672446E+01
    0.164045305538564252E-02    0.420943559388672747E+04   -0.365283209898849481E+01
    0.158235920881115563E-02    0.420950770499366081E+04   -0.365354445389947102E+01
    0.167797838293381259E-02    0.420939035935001721E+04   -0.365311425310880988E+01
    0.160815377848043525E-02    0.420947536520153062E+04   -0.365273132088634478E+01
    0.161588897355194046E-02    0.420946576829415881E+04   -0.365345711890108493E+01
    0.164880409045908361E-02    0.420942543833774289E+04   -0.365286454950641293E+01
    0.167636071283354436E-02    0.420939228839795123E+04   -0.365316168429729560E+01
    0.160528498499316191E-02    0.420947893619753904E+04   -0.365272357897199651E+01
    0.165413934047430218E-02    0.420941897712547325E+04   -0.365288771659936629E+01
    0.156263891813611605E-02    0.420953278678809875E+04   -0.365358925763862041E+01
    0.166516789874163965E-02    0.420940568688379881E+04   -0.365326361776599606E+01
    0.157542115945887625E-02    0.420951649352193999E+04   -0.365356065127761109E+01
    0.167271604364954956E-02    0.420939664144314884E+04   -0.365300255206596125E+01
    0.166155139117724429E-02    0.420941003532281502E+04   -0.365328471531715149E+01
    0.160311651184986840E-02    0.420948163969144480E+04   -0.365271782133047207E+01
    0.161585859233929108E-02    0.420946580589760651E+04   -0.365345720685258035E+01
    0.156086301270016493E-02    0.420953506103753625E+04   -0.365261788341635096E+01
    0.165666817587702456E-02    0.420941592187580136E+04   -0.365289958378692337E+01
    0.167720186491547465E-02    0.420939128510419414E+04   -0.365314474154511215E+01
    0.157293334027012858E-02    0.420951965430921064E+04   -0.365356633850253587E+01
    0.151491264526056654E-02    0.420959482324585588E+04   -0.365252629492412684E+01
    0.167784518347128446E-02    0.420939051811815261E+04   -0.365312339187113944E+01
    0.157663597505123382E-02    0.420951495190565493E+04   -0.365265288631814178E+01
    0.166411361352870532E-02    0.420940695356580727E+04   -0.365327004068793482E+01
    0.167712913534628590E-02    0.420939137183334424E+04   -0.365306264131081182E+01
    0.161951302681282165E-02    0.420946128779402170E+04   -0.365344647815386470E+01
    0.167802149884198554E-02    0.420939030796037514E+04   -0.365310143922790154E+01
    0.152088666672607576E-02    0.420958695180435006E+04   -0.365367417509070780E+01
    0.156190356676084844E-02    0.420953372817570016E+04   -0.365359085931665550E+01
    0.167563795874138316E-02    0.420939315087335672E+04   -0.365303616617516802E+01
    0.167769582239179647E-02    0.420939069616524466E+04   -0.365307911231140281E+01
    0.167581324569010493E-02    0.420939294166613490E+04   -0.365303872439962696E+01
    0.166620950745010221E-02    0.420940443621944542E+04   -0.365295227839392211E+01
    0.162824985226673962E-02    0.420945052734523961E+04   -0.365279042956103162E+01
    0.165921957258204273E-02    0.420941284409102445E+04   -0.365329712034042764E+01
    0.154980764332521889E-02    0.420954927715636677E+04   -0.365361659422692941E+01
    0.163603045923019024E-02    0.420944099308842851E+04   -0.365339343403437899E+01
    0.153951391019867029E-02    0.420956260535292222E+04   -0.365257369108554908E+01
    0.154539591678898866E-02    0.420955497853197994E+04   -0.365362571405936798E+01
    0.164722142340502516E-02    0.420942735903546691E+04   -0.365335150677077980E+01
