    0.643503138262276470E-68    0.628157017750910995E+03   -0.357260473966598546E+01
    0.163193542196439424E-63    0.607865146885003355E+03   -0.357584245800971967E+01
    0.723199622470512521E-52    0.554220778008776051E+03   -0.358549874424934423E+01
    0.445240218317176227E-42    0.509129218817076321E+03   -0.359526738524436951E+01
    0.193944519970382093E-41    0.506176132259751398E+03   -0.359597608447074890E+01
    0.263171524738138047E-40    0.500950494341194940E+03   -0.359725450873374974E+01
    0.378393470973055089E-28    0.444952194953706112E+03   -0.361343722343444806E+01
    0.499127502442430040E-18    0.398336639101224705E+03   -0.363257486820220965E+01
    0.870187604073405719E-14    0.378794263864794857E+03   -0.364357457160949716E+01
    0.502236468971594847E-13    0.375278369204325372E+03   -0.364585831165313756E+01
    0.141534431216441011E-12    0.373196255108085666E+03   -0.364726568460464495E+01
    0.406386676267401202E-10    0.361866390549475682E+03   -0.365578805208206159E+01
    0.934619965091257459E-10    0.360190720786947452E+03   -0.365719663500785863E+01
    0.118659780171076330E-08    0.355098139582935403E+03   -0.366177344918251046E+01
    0.307466829091136376E-06    0.343973585610319731E+03   -0.367384795546531695E+01
    0.489164675957082630E-06    0.343034921640562459E+03   -0.367504341006279001E+01
    0.328795354016763347E-05    0.339214278775512980E+03   -0.499389844536781347E+01
    0.327157238906259261E-05    0.339214268024940907E+03   -0.499324938058853185E+01
    0.325560748530300079E-05    0.339214051690109386E+03   -0.498085042834281921E+01
    0.323952017282067834E-05    0.339213959021405117E+03   -0.497589022517204249E+01
    0.322348888349063636E-05    0.339213880915104596E+03   -0.497185565233230609E+01
    0.320751682863261571E-05    0.339213815341173017E+03   -0.496856521368026716E+01
    0.319180376036632668E-05    0.339213637071231119E+03   -0.496003040075302160E+01
    0.317626682751420747E-05    0.339213396362348760E+03   -0.494935185909271258E+01
    0.316061079110295912E-05    0.339213278874973014E+03   -0.494445059895515460E+01
    0.314489241923600824E-05    0.339213250104168196E+03   -0.494327882528305018E+01
    0.312945510112917415E-05    0.339213091668861125E+03   -0.493701409697532689E+01
    0.311387502949758813E-05    0.339213073587899089E+03   -0.493631853461265546E+01
    0.309842080640480439E-05    0.339213024340651998E+03   -0.493444324731826800E+01
    0.308303334112769243E-05    0.339212981542755756E+03   -0.493283588290214503E+01
    0.306908261728811690E-05    0.339212052079037051E+03   -0.490219328403472865E+01
    0.305485240076545551E-05    0.339211346914526530E+03   -0.488308087587356532E+01
    0.303964667905925600E-05    0.339211326900122685E+03   -0.488257856369018572E+01
    0.302464232901213792E-05    0.339211223777164491E+03   -0.488002171516418493E+01
    0.301007253501772818E-05    0.339210881116496580E+03   -0.487188031673431432E+01
    0.299555236240916429E-05    0.339210552183970549E+03   -0.486453110575675929E+01
    0.298066906159367142E-05    0.339210513884201760E+03   -0.486370261907577550E+01
    0.296580706273506413E-05    0.339210511085564690E+03   -0.486364229321479780E+01
    0.295111736416274583E-05    0.339210441737162057E+03   -0.486215661764144880E+01
    0.293673898511438804E-05    0.339210209915444693E+03   -0.485731378197669983E+01
    0.292217713769137383E-05    0.339210151602338442E+03   -0.485612437725067103E+01
    0.290771397938741817E-05    0.339210075072733105E+03   -0.485458027720451391E+01
    0.289321925499682126E-05    0.339210069847001819E+03   -0.485447552800178528E+01
    0.287884747807019355E-05    0.339210029403805834E+03   -0.485366778373718244E+01
    0.286453037159979421E-05    0.339210000634326320E+03   -0.485309633016586339E+01
    0.285054827509168407E-05    0.339209786763455384E+03   -0.484892762303352320E+01
    0.283718538240208552E-05    0.339209184473039613E+03   -0.483787986636161804E+01
    0.282329291272326222E-05    0.339209001662929666E+03   -0.483470990657806432E+01
    0.281019526542045221E-05    0.339208301528652839E+03   -0.482325870990753192E+01
    0.279674099405390358E-05    0.339207899852277023E+03   -0.481713105440139788E+01
    0.278493800530980433E-05    0.339206358243623356E+03   -0.479604880809783918E+01
    0.277105208344149301E-05    0.339206355346252224E+03   -0.479601233601570165E+01
    0.275736135013518036E-05    0.339206261089705038E+03   -0.479483157396316528E+01
    0.274402614881143288E-05    0.339205956990925586E+03   -0.479109603762626612E+01
    0.273071267361424255E-05    0.339205684213993493E+03   -0.478783723115921056E+01
    0.271711361201720200E-05    0.339205669179835127E+03   -0.478766005635261571E+01
    0.270426956987767577E-05    0.339205145777034943E+03   -0.478164268136024440E+01
    0.269092685351420092E-05    0.339205038090506605E+03   -0.478043962121009791E+01
    0.267772969002395973E-05    0.339204870859628898E+03   -0.477859389185905492E+01
    0.266508110959940126E-05    0.339204340484909721E+03   -0.477291340827941912E+01
    0.265277900679474572E-05    0.339203593924812878E+03   -0.476532946228981036E+01
    0.263955215090182789E-05    0.339203590943546828E+03   -0.476530007719993609E+01
    0.262671856307129591E-05    0.339203338724420632E+03   -0.476283864378929156E+01
    0.261411615371776527E-05    0.339202957370552554E+03   -0.475920630097389186E+01
    0.260116434735729599E-05    0.339202891128082513E+03   -0.475858592987060547E+01
    0.258886503296915021E-05    0.339202370332542444E+03   -0.475381258130073547E+01
    0.257672003815043717E-05    0.339201774895262929E+03   -0.474856872558593768E+01
    0.256400290031607825E-05    0.339201670129009926E+03   -0.474766833186149562E+01
    0.255201906923563516E-05    0.339201039794011194E+03   -0.474238333702087367E+01
    0.254121690493060824E-05    0.339199523344002955E+03   -0.473051279783248901E+01
    0.252887426096035310E-05    0.339199260974312665E+03   -0.472856836915016210E+01
    0.251638330927253081E-05    0.339199164117638929E+03   -0.472785811424255353E+01
    0.250402059139367712E-05    0.339199014116254375E+03   -0.472676602602004969E+01
    0.249214436687429050E-05    0.339198522406703034E+03   -0.472325139641761815E+01
    0.248023275628618386E-05    0.339198104651234246E+03   -0.472034088969230670E+01
    0.246885772537873432E-05    0.339197298300839066E+03   -0.471490724086761492E+01
    0.246149567796966167E-05    0.339193271140737863E+03   -0.469082045555114746E+01
    0.245004840197028045E-05    0.339192593908927051E+03   -0.468718863129615748E+01
    0.243799944846858784E-05    0.339192453859790191E+03   -0.468645054697990382E+01
    0.242749009663067036E-05    0.339191093786428098E+03   -0.467950028181076050E+01
    0.241637179475830776E-05    0.339190275155878851E+03   -0.467549561262130720E+01
    0.240577502405618956E-05    0.339189065255523587E+03   -0.466980199217796343E+01
    0.239500890668859274E-05    0.339188035570014790E+03   -0.466515240669250453E+01
    0.238318398341968442E-05    0.339187934665912792E+03   -0.466470592617988622E+01
    0.237345701993648668E-05    0.339186114368383301E+03   -0.465691351890563965E+01
    0.236239514942446527E-05    0.339185457473052736E+03   -0.465421648621559125E+01
    0.235082465078555345E-05    0.339185277105807302E+03   -0.465348600745201146E+01
    0.233941822179822640E-05    0.339185004918873290E+03   -0.465239167411116572E+01
    0.232814260601344958E-05    0.339184667899719102E+03   -0.465104981064796430E+01
    0.231681317936709566E-05    0.339184424245860271E+03   -0.465008857250213659E+01
    0.230610505680672006E-05    0.339183689511793318E+03   -0.464723389744758641E+01
    0.229922696180352660E-05    0.339179663543710603E+03   -0.463265267014503479E+01
    0.228840942721867127E-05    0.339179095463519673E+03   -0.463072552680969274E+01
    0.227898162560464246E-05    0.339177352093963464E+03   -0.462499024868011510E+01
    0.226834769554483601E-05    0.339176706111403632E+03   -0.462293018102645892E+01
    0.226087753853563682E-05    0.339173303410850394E+03   -0.461260598897933960E+01
    0.224986970711237942E-05    0.339173064856283418E+03   -0.461191319227218610E+01
    0.224006434368253141E-05    0.339171800288837176E+03   -0.460830349326133693E+01
    0.222924875068202479E-05    0.339171480178238596E+03   -0.460740603804588300E+01
    0.221927550537943270E-05    0.339170447882077269E+03   -0.460455504676916760E+01
    0.220868597063795669E-05    0.339170013958916343E+03   -0.460337578654289281E+01
    0.219793956459341361E-05    0.339169768749526440E+03   -0.460271427631378138E+01
    0.218921771507571599E-05    0.339167720924889409E+03   -0.459732239527673059E+01
    0.218051354214067642E-05    0.339165688631766329E+03   -0.459219199419021606E+01
    0.217271833344165217E-05    0.339162851325832378E+03   -0.458536445498466527E+01
    0.216361312733761949E-05    0.339161250332751365E+03   -0.458167045662734917E+01
    0.215689629197498430E-05    0.339157468896464138E+03   -0.457335619875099031E+01
    0.214689963712468621E-05    0.339156759925121605E+03   -0.457185716629028338E+01
    0.214318641188894289E-05    0.339150222071214387E+03   -0.455882107615470922E+01
    0.213249985333895602E-05    0.339150219606243581E+03   -0.455881640911102259E+01
    0.212367581668322655E-05    0.339148512543361392E+03   -0.455562553405761683E+01
    0.211537063171410212E-05    0.339146349396009100E+03   -0.455169587401079490E+01
    0.211321059535302549E-05    0.339138392669090990E+03   -0.453822074532508868E+01
    0.210497216714795009E-05    0.339136204979883644E+03   -0.453475728034973180E+01
    0.209937949143614828E-05    0.339131525827866540E+03   -0.452765715122222900E+01
    0.208964104740279445E-05    0.339130824862318036E+03   -0.452662746310234088E+01
    0.208199481427301372E-05    0.339128156510569170E+03   -0.452278371504066889E+01
    0.207253376497793399E-05    0.339127265669858673E+03   -0.452152638435363752E+01
    0.206229410393850492E-05    0.339127171457762415E+03   -0.452139415144920331E+01
    0.205307910325356184E-05    0.339126128133739940E+03   -0.451993907094001734E+01
    0.204340113047711404E-05    0.339125578188645648E+03   -0.451917886137962377E+01
    0.203514299454941490E-05    0.339123677301426994E+03   -0.451658630786858950E+01
    0.205031454050153657E-05    0.339098823037919601E+03   -0.448687508594796292E+01
    0.204431395528735124E-05    0.339094684951415331E+03   -0.448254930973052979E+01
    0.203820925004670806E-05    0.339090666261976139E+03   -0.447848725318908691E+01
    0.203103224715257763E-05    0.339087721149567244E+03   -0.447559218928324487E+01
    0.202287274734613077E-05    0.339085772162934404E+03   -0.447371262861897456E+01
    0.201365483121764431E-05    0.339084906679642415E+03   -0.447288697361946141E+01
    0.200814230548454639E-05    0.339080389332295340E+03   -0.446866406483331957E+01
    0.200432743812748208E-05    0.339074192345153051E+03   -0.446309426398813436E+01
    0.200003751089027168E-05    0.339068477597804133E+03   -0.445816947818070197E+01
    0.199181802634557429E-05    0.339066713863955783E+03   -0.445668801069259679E+01
    0.198403381842701011E-05    0.339064545360871421E+03   -0.445489035285847113E+01
    0.198154503496548891E-05    0.339057055747254140E+03   -0.444887365102767962E+01
    0.197759776858925698E-05    0.339051043749586938E+03   -0.444424562328934503E+01
    0.196964587287184309E-05    0.339049101936207308E+03   -0.444278678894042933E+01
    0.197266955376073402E-05    0.339036034011747120E+03   -0.443338961005210841E+01
    0.196896341804741710E-05    0.339029795028393778E+03   -0.442914125369177647E+01
    0.196184353529059504E-05    0.339027040248652838E+03   -0.442731052637100220E+01
    0.195332842006809358E-05    0.339025739870274265E+03   -0.442645559310913050E+01
    0.195125656893341788E-05    0.339017862350727285E+03   -0.442139820565432817E+01
    0.195523763829501680E-05    0.339003785989131870E+03   -0.441284234523773211E+01
    0.195442506219703251E-05    0.338994617340756747E+03   -0.440756945013999957E+01
    0.194555825515169633E-05    0.338993711556399660E+03   -0.440706043336735398E+01
    0.193840821390616557E-05    0.338991075213505951E+03   -0.440559062361717224E+01
    0.192966918054668516E-05    0.338990112311099665E+03   -0.440505807788751280E+01
    0.192186714314877552E-05    0.338988215101689207E+03   -0.440401540994644147E+01
    0.193292013090961992E-05    0.338966745708162193E+03   -0.439278650283813477E+01
    0.192492776966759900E-05    0.338965032579892181E+03   -0.439193258572481948E+01
    0.191601236381562964E-05    0.338964317204544955E+03   -0.439157772657801981E+01
    0.191069943108670179E-05    0.338959870730838475E+03   -0.438939442634582555E+01
    0.190409696036763336E-05    0.338956793750191707E+03   -0.438790563941001910E+01
    0.189813403291301033E-05    0.338953066838127427E+03   -0.438612586236321356E+01
    0.189111313809684636E-05    0.338950478234147454E+03   -0.438490445812634366E+01
    0.188201476732508938E-05    0.338950123693972330E+03   -0.438473809957504290E+01
    0.188874299303752463E-05    0.338932986419948975E+03   -0.437695046874059379E+01
    0.187944183247171972E-05    0.338932859799187327E+03   -0.437689470052719098E+01
    0.187131755171411041E-05    0.338931523957701415E+03   -0.437630786299705488E+01
    0.186425055306785070E-05    0.338929091221238195E+03   -0.437524619698524475E+01
    0.185754193674852924E-05    0.338926301320783864E+03   -0.437403967976570129E+01
    0.185089568557590686E-05    0.338923470116881163E+03   -0.437282711267471313E+01
    0.185133636807238994E-05    0.338912993990596078E+03   -0.436844009160995483E+01
    0.185784217115210298E-05    0.338895978087012622E+03   -0.436162762988435926E+01
    0.188137196359862375E-05    0.338860806912337750E+03   -0.434862528517023872E+01
    0.188095973339366366E-05    0.338851245183324806E+03   -0.434531261117625256E+01
    0.189294085226771120E-05    0.338828546216985274E+03   -0.433778349161148036E+01
    0.189727785983189061E-05    0.338813969162428293E+03   -0.433317718204735058E+01
    0.188993364934973999E-05    0.338811726024880215E+03   -0.433248319538734439E+01
    0.189261598154749515E-05    0.338798889490892179E+03   -0.432858427480052743E+01
    0.188983646843035186E-05    0.338791828868086384E+03   -0.432649045586586034E+01
    0.188095012854798628E-05    0.338791255396058318E+03   -0.432632192373275792E+01
    0.187977168052830775E-05    0.338782508823584237E+03   -0.432377924919128453E+01
    0.188271923440018843E-05    0.338769375203286927E+03   -0.432005581259727478E+01
    0.188346343323452825E-05    0.338758584802066707E+03   -0.431707754731178284E+01
    0.191913572258725955E-05    0.338711059589045590E+03   -0.430474365886844179E+01
    0.191979809178657828E-05    0.338700369429498267E+03   -0.430212917923927307E+01
    0.191218643820360112E-05    0.338698314830670142E+03   -0.430163288545220901E+01
    0.190306418774736728E-05    0.338697878834437347E+03   -0.430152782201767003E+01
    0.190544406096386204E-05    0.338685379300897353E+03   -0.429855266809463465E+01
    0.189626817362486617E-05    0.338685033798230222E+03   -0.429847142696380580E+01
    0.188774466635685517E-05    0.338684043832861676E+03   -0.429823893904685939E+01
    0.190180013440260917E-05    0.338659207715873606E+03   -0.429254324436187762E+01
    0.189473306242945006E-05    0.338656653540544994E+03   -0.429197191706251058E+01
    0.190229557538765132E-05    0.338638686760539485E+03   -0.428802502420504261E+01
    0.189600594384036637E-05    0.338635310391932876E+03   -0.428729699261730879E+01
    0.189833114795947457E-05    0.338622859155414972E+03   -0.428464816212654132E+01
    0.189968571941621099E-05    0.338611432546148649E+03   -0.428226560144513080E+01
    0.190747966669662243E-05    0.338593243820545240E+03   -0.427856406569480896E+01
    0.189893971604410840E-05    0.338592218097021600E+03   -0.427835854291915929E+01
    0.189003024457466329E-05    0.338591623806734560E+03   -0.427823961973190325E+01
    0.188897570842292399E-05    0.338582740011569626E+03   -0.368124173926002296E+01
    0.191036921356808422E-05    0.338550216411641600E+03   -0.427021945777169520E+01
    0.190815593968154192E-05    0.338542534871303985E+03   -0.368130226135253924E+01
    0.193508589428090850E-05    0.338504506038850934E+03   -0.426192311644554156E+01
    0.193295445796468056E-05    0.338496710190139765E+03   -0.426056131604298471E+01
    0.194464119506627823E-05    0.338474654500445752E+03   -0.425678663617815900E+01
    0.195705096353139879E-05    0.338451932009989946E+03   -0.425301286578178406E+01
    0.195767715650351074E-05    0.338441292177073592E+03   -0.425128398537635821E+01
    0.198746240194438362E-05    0.338401092169249011E+03   -0.424495823979377729E+01
    0.198522152774921495E-05    0.338393348451875568E+03   -0.424377540349960292E+01
    0.198347570645598612E-05    0.338385108043300988E+03   -0.424252878427505475E+01
    0.199064976933410204E-05    0.338367887264073374E+03   -0.423996277451515180E+01
    0.199166521976470988E-05    0.338356867304120044E+03   -0.423834773620655714E+01
    0.198579612096929497E-05    0.338352769665000380E+03   -0.423775244451098754E+01
    0.200452679845061311E-05    0.338323993425150888E+03   -0.423364930152893049E+01
    0.200400813007205694E-05    0.338314510989189330E+03   -0.423232595543460910E+01
    0.200802798273929475E-05    0.338300503194743442E+03   -0.423039612098257578E+01
    0.204753799305020190E-05    0.338251533284668085E+03   -0.422387249936993214E+01
    0.208973152136133152E-05    0.338200738271369687E+03   -0.421744396123982579E+01
    0.211463905585605718E-05    0.338167041191933322E+03   -0.421335284508219665E+01
    0.212252864910608205E-05    0.338149593195613875E+03   -0.421128537707256534E+01
    0.215213579560863726E-05    0.338111887984747909E+03   -0.420692964827960303E+01
    0.216642749072792752E-05    0.338088650482971730E+03   -0.420431797349767322E+01
    0.217782500427464768E-05    0.338068156120859612E+03   -0.420205842852592504E+01
    0.218948128644258493E-05    0.338047480148926411E+03   -0.419981893897056580E+01
    0.222231868586543199E-05    0.338007707261632333E+03   -0.419561905796489754E+01
    0.221303599797749281E-05    0.338006078814396801E+03   -0.419545002520957144E+01
    0.229739413949525576E-05    0.337921258473869102E+03   -0.418694273829460162E+01
    0.229642735853206679E-05    0.337912100283658958E+03   -0.418605732942831565E+01
    0.232060862450603507E-05    0.337881150490617074E+03   -0.418310988545417750E+01
    0.232475694318444010E-05    0.337867578483445016E+03   -0.418183858817513965E+01
    0.231838360058833968E-05    0.337863069031524503E+03   -0.418141897736427914E+01
    0.232321415017491434E-05    0.337848906196578525E+03   -0.418011001777382241E+01
    0.242736287892382332E-05    0.337751198603366959E+03   -0.417142809498215072E+01
    0.243444528392553806E-05    0.337735371627250800E+03   -0.417007569670677203E+01
    0.250263512044281813E-05    0.337670121019597445E+03   -0.416464636921882647E+01
    0.253841162827098146E-05    0.337631732385019632E+03   -0.416155652888423688E+01
    0.255187843593080863E-05    0.337611150010413269E+03   -0.415993006229400653E+01
    0.253978659617944001E-05    0.337610649348965296E+03   -0.415989075477123027E+01
    0.253072361299137739E-05    0.337607798919691390E+03   -0.415966719345797564E+01
    0.255339320973555305E-05    0.337579963179267509E+03   -0.415750425413237412E+01
    0.256952883997469291E-05    0.337557364366760794E+03   -0.415577466487884539E+01
    0.262586343232400878E-05    0.337503989932345064E+03   -0.415177982411912971E+01
    0.269553571652385201E-05    0.337441615536966481E+03   -0.414726337810164658E+01
    0.268556285085795320E-05    0.337439028801718450E+03   -0.414707945486706286E+01
    0.273897831152160558E-05    0.337389639525749260E+03   -0.414361718893051112E+01
    0.276093512998863013E-05    0.337363670594347695E+03   -0.414183334112167323E+01
    0.274894654096225728E-05    0.337362373944917749E+03   -0.414174491526361255E+01
    0.276596793327844080E-05    0.337340028189461407E+03   -0.414023047089576757E+01
    0.286161596060538899E-05    0.337262036496546330E+03   -0.413507961034774763E+01
    0.284768190337280669E-05    0.337261798877301828E+03   -0.413506422638893145E+01
    0.283863672076357693E-05    0.337258161651417140E+03   -0.413482897281646711E+01
    0.283287115734271535E-05    0.337252227988293271E+03   -0.413444610238075239E+01
    0.283237742241797161E-05    0.337242576594303387E+03   -0.413382575333792168E+01
    0.284972970613036386E-05    0.337220361169805074E+03   -0.413240903503866974E+01
    0.310959252785073485E-05    0.337035826074215322E+03   -0.412120298550658681E+01
    0.341321583890187987E-05    0.336839499653154348E+03   -0.411025283932685870E+01
    0.341216952635959165E-05    0.336830112842004212E+03   -0.410975157637851041E+01
    0.341652201806574443E-05    0.336817563309774073E+03   -0.410908440370304184E+01
    0.341848933684365607E-05    0.336806411991228970E+03   -0.410849440097808838E+01
    0.342950417856352897E-05    0.336789978076714135E+03   -0.410762971373065167E+01
    0.341246671774226070E-05    0.336789938654620585E+03   -0.410762764633634525E+01
    0.339702995923873262E-05    0.336789006452538274E+03   -0.368403542041778564E+01
    0.340400819819096382E-05    0.336774902231247552E+03   -0.410684146499347147E+01
    0.362056871745251129E-05    0.336641547233928975E+03   -0.410006748921659536E+01
    0.362107799467944319E-05    0.336631265929276651E+03   -0.409955943226814234E+01
    0.367581465460773135E-05    0.336591259903818923E+03   -0.409760093650879043E+01
    0.376970243234806026E-05    0.336530817333596303E+03   -0.409469602704048175E+01
    0.381622208972570476E-05    0.336496287566450178E+03   -0.409306472240883501E+01
    0.390240062446443308E-05    0.336441625652462278E+03   -0.409052272659383842E+01
    0.407677040422388042E-05    0.336344199254724856E+03   -0.408610943377577041E+01
    0.422625226503203695E-05    0.336262178247495513E+03   -0.408250432888636450E+01
    0.432129933032446056E-05    0.336207697213578626E+03   -0.408016250729560870E+01
    0.437646416000024474E-05    0.336172327211533343E+03   -0.407866386092749700E+01
    0.438598509153347092E-05    0.336157980967689014E+03   -0.407806076158927056E+01
    0.446891743264466600E-05    0.336110517081056003E+03   -0.407608459582196314E+01
    0.445724012229492494E-05    0.336105749933798961E+03   -0.407588771768363944E+01
    0.444204294606806389E-05    0.336102580682245900E+03   -0.407575699090957677E+01
    0.448212389806967514E-05    0.336074615432512644E+03   -0.368520535723448539E+01
    0.449651997050926445E-05    0.336058201954046694E+03   -0.407393970604232880E+01
    0.454353003329428189E-05    0.336027400968865436E+03   -0.407269274265766867E+01
    0.458769463038706730E-05    0.335998054192016241E+03   -0.368533283147445268E+01
    0.488665300965506167E-05    0.335861794243389511E+03   -0.406617952585220355E+01
    0.503986071884325416E-05    0.335790052576359983E+03   -0.406345276236534136E+01
    0.520413427573551915E-05    0.335715902744010123E+03   -0.368580622931862223E+01
    0.551323512022999351E-05    0.335590506295411103E+03   -0.405614479031653641E+01
    0.599569581749880882E-05    0.335412725773363832E+03   -0.404994858503341693E+01
    0.599616965682361621E-05    0.335402567719781246E+03   -0.404960287809371966E+01
    0.597258259276613681E-05    0.335400450611531653E+03   -0.404953093658900620E+01
    0.637217979486485953E-05    0.335260926253374350E+03   -0.404487092425125461E+01
    0.661563118428450001E-05    0.335175939049181750E+03   -0.404210777878761274E+01
    0.658376686192387274E-05    0.335175595363552588E+03   -0.404209671616554278E+01
    0.659868643071585394E-05    0.335161068262312483E+03   -0.404162992219467210E+01
    0.690112950467221315E-05    0.335061439280391028E+03   -0.403847028438736277E+01
    0.688729419867179668E-05    0.335055452882218560E+03   -0.403828270435333270E+01
    0.715742281371021249E-05    0.334968509521545400E+03   -0.403558653593063354E+01
    0.725783282715002389E-05    0.334930646918228263E+03   -0.403442851290876447E+01
    0.746696761119375812E-05    0.334863831520560041E+03   -0.403240811493568696E+01
    0.750521826366678647E-05    0.334843612375269572E+03   -0.403180242776870745E+01
    0.755165976879770663E-05    0.334821274717408187E+03   -0.403113631029556707E+01
    0.753254698021584860E-05    0.334816343011453228E+03   -0.403098967075347936E+01
    0.785013553260856454E-05    0.334723747875571064E+03   -0.368751809454846402E+01
    0.795286184412131184E-05    0.334687745780899604E+03   -0.402721904516220075E+01
    0.793438867560869853E-05    0.334682396850463874E+03   -0.402706437692900643E+01
    0.796769687580176471E-05    0.334664018515736302E+03   -0.402653424388405057E+01
    0.844920748946064435E-05    0.334536664171980135E+03   -0.402291432701641227E+01
    0.874670513222897251E-05    0.334457455323187105E+03   -0.402070869207382220E+01
    0.885062458986986023E-05    0.334423833406150379E+03   -0.401978271603584325E+01
    0.908996280088229996E-05    0.334360467837724855E+03   -0.401805377299116184E+01
    0.942324961860568196E-05    0.334278449471007036E+03   -0.401584653163774252E+01
    0.983718725929166825E-05    0.334182469824324585E+03   -0.401330603236486105E+01
    0.984601803235242799E-05    0.334170675243915070E+03   -0.401299691775825895E+01
    0.991805584215408935E-05    0.334146095632591198E+03   -0.401235485672950709E+01
    0.102657058251844432E-04    0.334067191852511144E+03   -0.401031287512529566E+01
    0.102535512224216740E-04    0.334059561256852874E+03   -0.401011692321524027E+01
    0.102366314892421182E-04    0.334052864250733023E+03   -0.400994516427580105E+01
    0.106104689967477049E-04    0.333971127159614639E+03   -0.400786510431939202E+01
    0.106202168745626116E-04    0.333959290595584775E+03   -0.368889078610150545E+01
    0.106493376119643224E-04    0.333943814081139521E+03   -0.400717663575731287E+01
    0.109755475149372991E-04    0.333873469779097093E+03   -0.400541836759384307E+01
    0.109959702992923875E-04    0.333859751730956873E+03   -0.368907318663595074E+01
    0.116291051573731097E-04    0.333737787427554338E+03   -0.400208568758108640E+01
    0.116169619927179901E-04    0.333729876927800774E+03   -0.400189370895715868E+01
    0.118854309826299576E-04    0.333674182743679069E+03   -0.400054913759231567E+01
    0.120813116709380153E-04    0.333631489932175782E+03   -0.399952670931816101E+01
    0.120760485442617188E-04    0.333622361405997879E+03   -0.399930901321145438E+01
    0.129583647244818532E-04    0.333471326460869705E+03   -0.399575295632068350E+01
    0.130083741047429503E-04    0.333453622845499297E+03   -0.399534166776816591E+01
    0.133499983674021812E-04    0.333391776944353978E+03   -0.399391373713459696E+01
    0.136120386239941866E-04    0.333342900281201480E+03   -0.399279485269735357E+01
    0.143489848647466362E-04    0.333227451072321060E+03   -0.399018477761306301E+01
    0.157975961266721120E-04    0.333025093900309798E+03   -0.398571642179735175E+01
    0.159312378747674101E-04    0.332998245813373273E+03   -0.398513337373733556E+01
    0.163909271519585677E-04    0.332931353550853316E+03   -0.398369035959096163E+01
    0.164193418586954010E-04    0.332917889426395050E+03   -0.398340155482292158E+01
    0.168376640093976794E-04    0.332857572904641529E+03   -0.398211443489004058E+01
    0.170669767021272013E-04    0.332820518650757265E+03   -0.398132905754471089E+01
    0.178665158405185220E-04    0.332718952794240522E+03   -0.397919672131538427E+01
    0.179427360302698560E-04    0.332700438759361191E+03   -0.397881119082844670E+01
    0.178666523329779705E-04    0.332698937515163266E+03   -0.397877997159957886E+01
    0.179247307194500936E-04    0.332682446741966487E+03   -0.397843745175217345E+01
    0.178558294562708874E-04    0.332680149399276161E+03   -0.397838979530762726E+01
    0.182975412829932513E-04    0.332621276080062160E+03   -0.397717350454614671E+01
    0.199753761416542016E-04    0.332435808825270442E+03   -0.397340298746094289E+01
    0.200820644799846775E-04    0.332415155264888710E+03   -0.397298868894577062E+01
    0.202519664129727385E-04    0.332388305678159611E+03   -0.397245173453173273E+01
    0.201775158070586492E-04    0.332385671658229853E+03   -0.397239915669943677E+01
    0.204455111685473180E-04    0.332349282758194477E+03   -0.369195407588640734E+01
    0.208708922291519552E-04    0.332298098525599528E+03   -0.397066104412078857E+01
    0.217361943114342591E-04    0.332206851846067764E+03   -0.396887017361401062E+01
    0.219176690797472580E-04    0.332180223231816910E+03   -0.369229063625218767E+01
    0.222141284286403296E-04    0.332143352465150201E+03   -0.396763573114393608E+01
    0.224881383059919021E-04    0.332108833501865718E+03   -0.396696867422321642E+01
    0.224785838444177250E-04    0.332099683415869777E+03   -0.396679232192241482E+01
    0.224684729509208032E-04    0.332090583220607925E+03   -0.369247032403945941E+01
    0.231009170549531878E-04    0.332025064837285754E+03   -0.396536139982115632E+01
    0.250777494322746142E-04    0.331850847517096497E+03   -0.396206936240196228E+01
    0.252671864248932098E-04    0.331825796320113113E+03   -0.396160146497611443E+01
    0.270132554040559810E-04    0.331682154096616046E+03   -0.395894426327777360E+01
    0.273918174382166465E-04    0.331644320799157754E+03   -0.369337797760963449E+01
    0.274105783099481642E-04    0.331632951452273687E+03   -0.395804392898265522E+01
    0.282498537663259134E-04    0.331562632907130876E+03   -0.395676571540752642E+01
    0.285054392872621471E-04    0.331534619626963945E+03   -0.395625925494619679E+01
    0.306863428085455043E-04    0.331377174077548034E+03   -0.395344120860099801E+01
    0.313791365236196787E-04    0.331322523009158715E+03   -0.395247407969435649E+01
    0.318765856120336626E-04    0.331281065975597244E+03   -0.369413352012634277E+01
    0.324001464052678069E-04    0.331238483586524126E+03   -0.369422310649016961E+01
    0.343686573865069318E-04    0.331110519416323086E+03   -0.394877416491508493E+01
    0.343881739440472255E-04    0.331099384020308662E+03   -0.394858204741125984E+01
    0.343915295792512570E-04    0.331089188867667133E+03   -0.394840634188094164E+01
    0.358331228855206143E-04    0.330997064097622228E+03   -0.394682679772377032E+01
    0.361207904582384420E-04    0.330971072244392133E+03   -0.394638377428054810E+01
    0.375580580123242080E-04    0.330883033570680254E+03   -0.394489160717563703E+01
    0.392332441404749690E-04    0.330785760565061139E+03   -0.394325777283261036E+01
    0.393295651804657239E-04    0.330770856408038981E+03   -0.394300878938391275E+01
    0.401937260704639108E-04    0.330717387638370099E+03   -0.394211847336968813E+01
    0.419902328649652623E-04    0.330619935388652380E+03   -0.369554962019676037E+01
    0.423389276016595940E-04    0.330593395595201741E+03   -0.394007110663967319E+01
    0.422846132218423273E-04    0.330585962936948363E+03   -0.393994913101196298E+01
    0.423336387653532498E-04    0.330573645444074430E+03   -0.393974717666776098E+01
    0.424142269087098028E-04    0.330559841776949270E+03   -0.393952112904690832E+01
    0.444317781477656873E-04    0.330456899594505217E+03   -0.393784437529638476E+01
    0.448018033934160432E-04    0.330430312683606360E+03   -0.393741387151883071E+01
    0.458125186486647273E-04    0.330375694696038977E+03   -0.369608692225370561E+01
    0.467595041964108903E-04    0.330324774402679793E+03   -0.393571508526802072E+01
    0.466202958664814788E-04    0.330320737509602850E+03   -0.393565042318143554E+01
    0.475102489289078728E-04    0.330272918560081280E+03   -0.393488622437657298E+01
    0.473173062995573809E-04    0.330271057244881831E+03   -0.393485654367305271E+01
    0.560844793608396310E-04    0.329921091241429394E+03   -0.392935976671823850E+01
    0.560619944797834729E-04    0.329911893224071832E+03   -0.392921747725997506E+01
    0.571852020769646880E-04    0.329862219149527164E+03   -0.369724307517542705E+01
    0.580098831070756458E-04    0.329823582680606251E+03   -0.392785681853345459E+01
    0.582432017142970037E-04    0.329805554715727737E+03   -0.392758025527000409E+01
    0.603337271483026774E-04    0.329725026929669866E+03   -0.392634980707708525E+01
    0.623133023996225524E-04    0.329650459620134143E+03   -0.392521748698722650E+01
    0.628644149656143063E-04    0.329622848941862742E+03   -0.392479990720748884E+01
    0.677669680659197861E-04    0.329462659710343246E+03   -0.392239489801402330E+01
    0.688400542449132469E-04    0.329421237950805676E+03   -0.369826641843094706E+01
    0.827046081026457119E-04    0.329044258827089607E+03   -0.391624835745694622E+01
    0.856179319921042094E-04    0.328965019975267239E+03   -0.391510511753210899E+01
    0.855481984556639454E-04    0.328956649585987861E+03   -0.369937714377979177E+01
    0.859888958990236320E-04    0.328936373128534683E+03   -0.391469336794729372E+01
    0.861635173776679651E-04    0.328922315757854619E+03   -0.391449161721042849E+01
    0.875314343797625055E-04    0.328880813511656243E+03   -0.391389712304551152E+01
    0.105052452688958771E-03    0.328505889919776678E+03   -0.370048907599399612E+01
    0.115308520570103315E-03    0.328309586822106098E+03   -0.390587942489303774E+01
    0.124611766671938178E-03    0.328144403394534663E+03   -0.390361451093463518E+01
    0.128395270779251621E-03    0.328074582352182006E+03   -0.390266389607791719E+01
    0.129541692242086433E-03    0.328046803915180817E+03   -0.390228677988052386E+01
    0.140521888372003271E-03    0.327874082937933508E+03   -0.370210934563709104E+01
    0.154859648691212917E-03    0.327669771040665182E+03   -0.389722696356522391E+01
    0.156925889921778744E-03    0.327633262159086144E+03   -0.389674259502320997E+01
    0.157688731213534775E-03    0.327613563400853650E+03   -0.389648164237525574E+01
    0.160549862321247730E-03    0.327567600343480990E+03   -0.389587382508298674E+01
    0.160425729650154081E-03    0.327559147285745553E+03   -0.389576220238944471E+01
    0.163309319515713195E-03    0.327513517332953768E+03   -0.389516051364329652E+01
    0.165324409277749554E-03    0.327478990148547723E+03   -0.370316234827041635E+01
    0.168019941345548459E-03    0.327436644127773377E+03   -0.389415006672035346E+01
    0.171321506476650843E-03    0.327387725577346316E+03   -0.389350913794546205E+01
    0.178464459016463108E-03    0.327296030524975777E+03   -0.389231200812087730E+01
    0.178857174329211262E-03    0.327281634312328947E+03   -0.389212455417314729E+01
    0.178042391566000870E-03    0.327280766115856750E+03   -0.389211325359973959E+01
    0.179973940716305302E-03    0.327249185336240146E+03   -0.370378997921943665E+01
    0.181234601109759550E-03    0.327225224808000291E+03   -0.389139132114461272E+01
    0.189052910295983820E-03    0.327130755620387845E+03   -0.389016786319465391E+01
    0.192465201954741051E-03    0.327084978732820787E+03   -0.388957699646528265E+01
    0.191679464675144004E-03    0.327083160425226083E+03   -0.370425069425517517E+01
    0.195947843747139511E-03    0.327029112428486883E+03   -0.388885762095451337E+01
    0.196584255483148119E-03    0.327012627228475139E+03   -0.388864570260047948E+01
    0.207594832373384430E-03    0.326893632951955453E+03   -0.370478436800991506E+01
    0.210000023600817056E-03    0.326860594183257888E+03   -0.370487826466560399E+01
    0.212628478611783152E-03    0.326825716647669935E+03   -0.388625404385038475E+01
    0.214266337302300441E-03    0.326800369853415077E+03   -0.370505009647635219E+01
    0.213654494941576680E-03    0.326796089068106767E+03   -0.388587676406085070E+01
    0.215156786109471583E-03    0.326772075469299523E+03   -0.388557133078575134E+01
    0.214315251304446515E-03    0.326769913333549027E+03   -0.388554384581491163E+01
    0.213247788787899431E-03    0.326769899835040746E+03   -0.388554367423057556E+01
    0.214701332109764877E-03    0.326746313650697857E+03   -0.388524401465592994E+01
    0.223570803099421657E-03    0.326655353156909200E+03   -0.388409119803317093E+01
    0.239381844418853868E-03    0.326508689564665247E+03   -0.388224159618913855E+01
    0.252331103652116953E-03    0.326393325212508273E+03   -0.388079437443877229E+01
    0.251840693891092779E-03    0.326387216028441060E+03   -0.388071791833263990E+01
    0.260374911569441903E-03    0.326310564349555705E+03   -0.387976014955544724E+01
    0.260070251296351182E-03    0.326302905885837561E+03   -0.370650405446783271E+01
    0.266592540507212730E-03    0.326243366614942147E+03   -0.387892278776157529E+01
    0.265864454817868684E-03    0.326238836248355028E+03   -0.370669599175453168E+01
    0.284554960480326688E-03    0.326092956634229211E+03   -0.387705594939517795E+01
    0.298230463646579594E-03    0.325989076358358375E+03   -0.370745499134063738E+01
    0.311684829848336159E-03    0.325890824436440994E+03   -0.370775841296806785E+01
    0.319142283440710750E-03    0.325833535403586666E+03   -0.370793663227484815E+01
    0.319571905806427363E-03    0.325820844857876295E+03   -0.387370315305811275E+01
    0.319235931272066639E-03    0.325812948617697884E+03   -0.387360630600716860E+01
    0.323453550610519169E-03    0.325776698429985515E+03   -0.387316200733184823E+01
    0.321903587074681252E-03    0.325776305306088830E+03   -0.387315719178532492E+01
    0.324269102739675567E-03    0.325751661999310045E+03   -0.387285544218758471E+01
    0.324419875142002159E-03    0.325740732293949350E+03   -0.387272168472246658E+01
    0.331578601665799934E-03    0.325687079688227641E+03   -0.370839668728882677E+01
    0.332607047983840001E-03    0.325670885955252345E+03   -0.387186795484106527E+01
    0.337933821468869224E-03    0.325629109305778570E+03   -0.387135817006208516E+01
    0.337161536820891009E-03    0.325623685162954189E+03   -0.387129202711044584E+01
    0.343472098194213659E-03    0.325576597708664963E+03   -0.370874807240747462E+01
    0.347984451094295565E-03    0.325540493873437072E+03   -0.370886372557192523E+01
    0.348433972157827590E-03    0.325527911970885611E+03   -0.387012584781701507E+01
    0.352837548264628030E-03    0.325492793973880623E+03   -0.386969902125565479E+01
    0.358612392023170939E-03    0.325450325234967295E+03   -0.370915437631798905E+01
    0.358662620710630507E-03    0.325440045126575683E+03   -0.370918767917089198E+01
    0.366868748262084358E-03    0.325384801169612615E+03   -0.386838900982705125E+01
    0.377634277920804869E-03    0.325316957052376154E+03   -0.386756791352974538E+01
    0.377264695084168647E-03    0.325308915369339729E+03   -0.370961551158940006E+01
    0.381236641098026629E-03    0.325277968894332844E+03   -0.386709668631622172E+01
    0.424372309817842451E-03    0.325053587151202123E+03   -0.371046521420605657E+01
    0.431845829241002236E-03    0.325008672173879518E+03   -0.371061704222330135E+01
    0.438950678796991018E-03    0.324966035353899031E+03   -0.386334188414964252E+01
    0.438863896744830792E-03    0.324956430799838756E+03   -0.386322667341624770E+01
    0.449348368441045381E-03    0.324899212543129408E+03   -0.386254077025379239E+01
    0.449548362316550974E-03    0.324888322590493203E+03   -0.386241031350515707E+01
    0.452057087943560974E-03    0.324867192524228415E+03   -0.386215726184333352E+01
    0.504766621527925289E-03    0.324636617095723466E+03   -0.385940206736023317E+01
    0.507497917520230999E-03    0.324615824254464314E+03   -0.371197683811187762E+01
    0.541421484176918223E-03    0.324476413351412987E+03   -0.385749361746256225E+01
    0.547137450266656049E-03    0.324445409367359787E+03   -0.385712475589328729E+01
    0.558334150664492016E-03    0.324394894230529133E+03   -0.385652406630040367E+01
    0.580197027281362894E-03    0.324308073973334558E+03   -0.385549246909370646E+01
    0.581138424602339865E-03    0.324294831507858646E+03   -0.371313322782516497E+01
    0.586984597955953662E-03    0.324264812307646594E+03   -0.385497878259136328E+01
    0.586306850242894625E-03    0.324257122893953124E+03   -0.385488750142082726E+01
    0.592913101566809359E-03    0.324224713773662302E+03   -0.371339164376258868E+01
    0.608195950202465932E-03    0.324163815236342089E+03   -0.385378034060836017E+01
    0.610554453990625281E-03    0.324146074498864721E+03   -0.385356993027688510E+01
    0.607972240238327521E-03    0.324144551022620362E+03   -0.385355186272282069E+01
    0.635545736387079516E-03    0.324045841355107200E+03   -0.385238162814712526E+01
    0.633835072626602668E-03    0.324041231903897369E+03   -0.385232699945312440E+01
    0.647223024613804098E-03    0.323989427587775424E+03   -0.385171313684495864E+01
    0.646866762253059456E-03    0.323980528786079731E+03   -0.371430883951194613E+01
    0.643909756012883824E-03    0.323979692297721726E+03   -0.385159779499916599E+01
    0.665220775533795824E-03    0.323904571511778158E+03   -0.385070793793161403E+01
    0.707483432484418899E-03    0.323771381044942416E+03   -0.384913068523553470E+01
    0.723372537428900765E-03    0.323716960758246273E+03   -0.384848631492080084E+01
    0.722922714198569183E-03    0.323708204828554415E+03   -0.384838263951106274E+01
    0.727114203009590317E-03    0.323686642362977125E+03   -0.371545046569062842E+01
    0.729339352817061121E-03    0.323670531212972151E+03   -0.384793655580840888E+01
    0.755483148503269079E-03    0.323590094516717727E+03   -0.371583510041236886E+01
    0.752910280571139753E-03    0.323586917326676257E+03   -0.384694642174610424E+01
    0.749438505069180438E-03    0.323586160936988904E+03   -0.371585087597546826E+01
    0.753781041334244755E-03    0.323564605610009721E+03   -0.371593747066456448E+01
    0.762655556114369393E-03    0.323531196478075287E+03   -0.371607218154678431E+01
    0.776677568907612891E-03    0.323484758879436072E+03   -0.371626043695134456E+01
    0.783680091005175107E-03    0.323456807689684069E+03   -0.384540519714355478E+01
    0.789321705780507226E-03    0.323432461516712749E+03   -0.384511669937523326E+01
    0.807281480602375359E-03    0.323377464657027360E+03   -0.384446483962578744E+01
    0.815724018822217641E-03    0.323346657298402988E+03   -0.384409958298939758E+01
    0.826981374371075551E-03    0.323309245123764981E+03   -0.384365590201983132E+01
    0.839476513110892449E-03    0.323269252471680829E+03   -0.384318146269188432E+01
    0.846431072587117660E-03    0.323242751925664720E+03   -0.384286698581732766E+01
    0.845303369521872459E-03    0.323235418309239378E+03   -0.384277994480239204E+01
    0.880426515452713515E-03    0.323143996536051986E+03   -0.384169430650430321E+01
    0.916972683937369902E-03    0.323052654102854717E+03   -0.384060840481357912E+01
    0.938911139682236761E-03    0.322995367785854512E+03   -0.383992666092178725E+01
    0.953859872427601668E-03    0.322953775916638619E+03   -0.383943131074898414E+01
    0.101825980802277964E-02    0.322813108712029248E+03   -0.383775331974029577E+01
    0.102886567003098264E-02    0.322782385103212846E+03   -0.383738621725108375E+01
    0.103921153757509377E-02    0.322752374334148044E+03   -0.371940016495323267E+01
    0.103717261174528837E-02    0.322746302174737309E+03   -0.383695477466826507E+01
    0.104750273574039099E-02    0.322716480942506053E+03   -0.383659794489879236E+01
    0.106532678408989708E-02    0.322672735728264627E+03   -0.371976297026968439E+01
    0.110505060621242509E-02    0.322589516648701533E+03   -0.383507590998594416E+01
    0.111455356063436370E-02    0.322562391050132078E+03   -0.372027341599101069E+01
    0.111075078986660439E-02    0.322559226563608888E+03   -0.383471206816629584E+01
    0.114732177936866355E-02    0.322484438233911533E+03   -0.383381240974958315E+01
    0.122959571633396718E-02    0.322335928052602412E+03   -0.383201988266694382E+01
    0.124808146162972951E-02    0.322296083828380688E+03   -0.383153746622925517E+01
    0.124548652843592508E-02    0.322290246432554113E+03   -0.383146673303381347E+01
    0.124158135304004518E-02    0.322286527207814629E+03   -0.383142165859105699E+01
    0.124562726634981679E-02    0.322270020448635876E+03   -0.372167234074588871E+01
    0.129576980168091003E-02    0.322181088991511047E+03   -0.372211216360397135E+01
    0.136251570243776975E-02    0.322070633367070627E+03   -0.382879418983769959E+01
    0.136024075966761741E-02    0.322063975485003198E+03   -0.382871279399884923E+01
    0.135372852010958063E-02    0.322063573606993998E+03   -0.372270433750929142E+01
    0.138918162495469300E-02    0.322001869282037148E+03   -0.372302048272522201E+01
    0.139968544093241267E-02    0.321976803858843311E+03   -0.382764484882354772E+01
    0.139730912401261420E-02    0.321970202245842472E+03   -0.372318416830156185E+01
    0.141158578972497804E-02    0.321939871419533517E+03   -0.372334187907532943E+01
    0.141604501678187483E-02    0.321923563338940653E+03   -0.382699046708370938E+01
    0.141034854238014694E-02    0.321921625177457713E+03   -0.382696661330786903E+01
    0.140434690940932552E-02    0.321920154188384913E+03   -0.372344489782279764E+01
    0.141981291302256739E-02    0.321888248688416979E+03   -0.382655547576077648E+01
    0.142575937264936186E-02    0.321869889781756626E+03   -0.382632903371232125E+01
    0.143984363618199522E-02    0.321840229868083668E+03   -0.372386656716017628E+01
    0.148196317129746990E-02    0.321772563559720993E+03   -0.372422882017873036E+01
    0.148310555780764445E-02    0.321761022433128574E+03   -0.382498175736653412E+01
    0.150605842793751551E-02    0.321720307060705466E+03   -0.382447581887812404E+01
    0.151178555923570730E-02    0.321702716027904671E+03   -0.372460798615363498E+01
    0.156660992287115390E-02    0.321621470911602216E+03   -0.382324263092219585E+01
    0.156382712860298661E-02    0.321615026702637692E+03   -0.382316196831759658E+01
    0.156171536158638278E-02    0.321607729295668605E+03   -0.372513249130180224E+01
    0.155950803275819723E-02    0.321600558095683596E+03   -0.382298074500151941E+01
    0.162457283240234054E-02    0.321508809093784407E+03   -0.382182761526446946E+01
    0.163464312773595904E-02    0.321486449891444522E+03   -0.372581778976542788E+01
    0.168866473261951701E-02    0.321411422676297207E+03   -0.372625096235646902E+01
    0.168984328946279955E-02    0.321400027318484376E+03   -0.382045102746032939E+01
    0.171103791548256551E-02    0.321365098602493504E+03   -0.382000671445291795E+01
    0.170770316626322831E-02    0.321359000331460095E+03   -0.372655800220185540E+01
    0.175390788167815548E-02    0.321295606164351852E+03   -0.381911919713020342E+01
    0.176258337864050314E-02    0.321275737788267406E+03   -0.381886455462099539E+01
    0.175721276847714907E-02    0.321271841112558604E+03   -0.381881456507447092E+01
    0.175179227708787614E-02    0.321268020067140242E+03   -0.372709978123146879E+01
    0.180109747089846105E-02    0.321202506541175069E+03   -0.381792239197458061E+01
    0.179588140202774815E-02    0.321198307045110369E+03   -0.381786818677077866E+01
    0.181274749629857165E-02    0.321169611615285021E+03   -0.381749727211031198E+01
    0.181824427716677272E-02    0.321153556206283611E+03   -0.381728933460622732E+01
    0.182375160123930788E-02    0.321137507513803769E+03   -0.381708118745227143E+01
    0.184469803933131281E-02    0.321104667711940294E+03   -0.381665432278431105E+01
    0.186080806541342558E-02    0.321077277237193414E+03   -0.381629730218845697E+01
    0.185820314762285155E-02    0.321070078969231758E+03   -0.381620332446759170E+01
    0.185125941881173362E-02    0.321067566562700620E+03   -0.372833610009229854E+01
    0.185437372838009201E-02    0.321054204858853666E+03   -0.381599585152592802E+01
    0.184757629793060908E-02    0.321051549569657936E+03   -0.381596111647631275E+01
    0.183972542436519181E-02    0.321050066242304013E+03   -0.381594170854185899E+01
    0.184724984584386655E-02    0.321031902985028410E+03   -0.381570383414598790E+01
    0.185188535985156950E-02    0.321016890444338344E+03   -0.381550690531730652E+01
    0.184419468670932131E-02    0.321015213515423966E+03   -0.372866934312507770E+01
    0.184018456522319282E-02    0.321009567163944268E+03   -0.381541073575395462E+01
    0.183126175645648083E-02    0.321009288484157025E+03   -0.372870734254329506E+01
    0.185111123219717870E-02    0.320977726661868019E+03   -0.381499178802463668E+01
    0.189492047438165594E-02    0.320920945168241701E+03   -0.372928101027600434E+01
    0.191116504814277366E-02    0.320893872853597543E+03   -0.372945953912025718E+01
    0.190737940683891006E-02    0.320887838388202397E+03   -0.372949951291084325E+01
    0.191471187639649740E-02    0.320870164601251986E+03   -0.372961696904767415E+01
    0.190614520259632029E-02    0.320869132943147861E+03   -0.381355251296803388E+01
    0.190968866564511226E-02    0.320855418458513896E+03   -0.381336954471992495E+01
    0.190846084322640174E-02    0.320846704759595809E+03   -0.381325314796348014E+01
    0.191377620903801179E-02    0.320831142185464103E+03   -0.381304498074413800E+01
    0.194641651487431600E-02    0.320787318916934623E+03   -0.381245679934536419E+01
    0.194675382099959303E-02    0.320776972355035696E+03   -0.381231749257889696E+01
    0.194115681518298067E-02    0.320772730727803832E+03   -0.373027496853314133E+01
    0.195973216002774371E-02    0.320743683289783291E+03   -0.381186811963135597E+01
    0.198085690627217755E-02    0.320712239847439605E+03   -0.381144198857253746E+01
    0.200115857271630955E-02    0.320681846313105211E+03   -0.381102849690946055E+01
    0.201461470246852526E-02    0.320658442986580326E+03   -0.381070901155471820E+01
    0.202193176672524517E-02    0.320641192162315633E+03   -0.381047289371490461E+01
    0.204242174508522181E-02    0.320611026444061679E+03   -0.381005870871061925E+01
    0.203613667761407468E-02    0.320607190457710431E+03   -0.381000591925323384E+01
    0.202636877222530038E-02    0.320606808093263396E+03   -0.381000065579039138E+01
    0.203539176577953061E-02    0.320587922282972841E+03   -0.380974034070968637E+01
    0.205988862593083815E-02    0.320553995078982609E+03   -0.373182215517872695E+01
    0.207340955154742147E-02    0.320530910154290609E+03   -0.380895035000022020E+01
    0.214350423208899609E-02    0.320454414948625242E+03   -0.380788009166717512E+01
    0.213724799076800767E-02    0.320450260879853772E+03   -0.380782161820127873E+01
    0.213136832477830388E-02    0.320445770552565989E+03   -0.373262750163043933E+01
    0.213535455400025659E-02    0.320432033510817575E+03   -0.380756460222356896E+01
    0.214528110095875109E-02    0.320412757725114716E+03   -0.380729200523197608E+01
    0.213638958564329020E-02    0.320411064321999618E+03   -0.380726801753044164E+01
    0.213945040049687545E-02    0.320398200963795091E+03   -0.380708559144914505E+01
    0.213689609218000722E-02    0.320390590207627440E+03   -0.380697747944432052E+01
    0.218421674147009637E-02    0.320336784324381256E+03   -0.373346844359434016E+01
    0.225796576084554609E-02    0.320260370307247968E+03   -0.380510615965736232E+01
    0.228572491737035312E-02    0.320225932462451851E+03   -0.373435763601057058E+01
    0.230496007420984876E-02    0.320199172201669057E+03   -0.373457780093234559E+01
    0.233012048977089938E-02    0.320167458954321035E+03   -0.373484164036939381E+01
    0.233693790004540743E-02    0.320151615946109814E+03   -0.380350932053939372E+01
    0.235019612158072610E-02    0.320130301350167031E+03   -0.380319238191884956E+01
    0.235962386440524913E-02    0.320112294457806343E+03   -0.373530842745838232E+01
    0.236130090589877590E-02    0.320100873514541490E+03   -0.380275253175546624E+01
    0.235809885657069142E-02    0.320093587461213133E+03   -0.380264321313829345E+01
    0.236949197903127797E-02    0.320073947756837015E+03   -0.380234770257877575E+01
    0.236832871577512000E-02    0.320064929865155989E+03   -0.380221159783492446E+01
    0.236319448242293569E-02    0.320059270315494871E+03   -0.380212604411524424E+01
    0.235984939812871816E-02    0.320052103306200138E+03   -0.380201755125981133E+01
    0.236371272064928289E-02    0.320038831772315405E+03   -0.373594637176289979E+01
    0.235310713352572358E-02    0.320037825632860404E+03   -0.373595524430274972E+01
    0.234331331081869161E-02    0.320036167166179496E+03   -0.373596987752000143E+01
    0.235198498983995750E-02    0.320018779615207734E+03   -0.373612391236545793E+01
    0.234198130678435782E-02    0.320017304344674301E+03   -0.380148832172281370E+01
    0.233061208235348571E-02    0.320017037052762191E+03   -0.373613941230896884E+01
    0.232629087004231506E-02    0.320010748715724105E+03   -0.373619544243237423E+01
    0.235178703605970008E-02    0.319978947951410476E+03   -0.380090013095323265E+01
    0.235270199742231489E-02    0.319968170003907517E+03   -0.380073390394822486E+01
    0.234433224395614670E-02    0.319965297703553460E+03   -0.380068953308322932E+01
    0.234904011747899544E-02    0.319951285343366123E+03   -0.380047263452271977E+01
    0.233801367806908082E-02    0.319950695484774826E+03   -0.380046348799881484E+01
    0.232689005812871958E-02    0.319950233637459178E+03   -0.380045632554527346E+01
    0.233983840943140405E-02    0.319929135169125061E+03   -0.373693671551954498E+01
    0.232993499329224281E-02    0.319927618176870624E+03   -0.380010461049553339E+01
    0.232158720827557426E-02    0.319924796724981832E+03   -0.373697687804403422E+01
    0.233013546129999267E-02    0.319907446103928919E+03   -0.373713829399864395E+01
    0.232085477591112681E-02    0.319905427800069504E+03   -0.379975758732193780E+01
    0.231368725440797866E-02    0.319901613979563081E+03   -0.373719284002576613E+01
    0.230503219537375346E-02    0.319899109623547702E+03   -0.379965842558074307E+01
    0.229919479711475838E-02    0.319894180964640384E+03   -0.379958096098237297E+01
    0.229192439143371994E-02    0.319890515290942858E+03   -0.373729704925901896E+01
    0.228135936389409384E-02    0.319889755956424835E+03   -0.373730419852376983E+01
    0.228963537400693430E-02    0.319872513752370310E+03   -0.379923924437262350E+01
    0.231489749701966870E-02    0.319840568093873003E+03   -0.373777279740983293E+01
    0.230413859124840685E-02    0.319839885124546015E+03   -0.373777938150218692E+01
    0.229700538614966256E-02    0.319836086374364413E+03   -0.379866032957271882E+01
    0.229991365003806136E-02    0.319823555753961045E+03   -0.373793745357191742E+01
    0.228911808784050975E-02    0.319822965653677443E+03   -0.379845041214135648E+01
    0.228957204587084935E-02    0.319812569070359018E+03   -0.379828353759339610E+01
    0.230541605674537946E-02    0.319788776587494397E+03   -0.373827837756734649E+01
    0.230512747030629751E-02    0.319779026958356553E+03   -0.379774181342110406E+01
    0.229884270668175668E-02    0.319774487260909893E+03   -0.379766809377355052E+01
    0.229580550430646610E-02    0.319767131383095716E+03   -0.379754843523716890E+01
    0.231145744390850788E-02    0.319743542404135951E+03   -0.373873081206263258E+01
    0.230736219493497255E-02    0.319737088981285012E+03   -0.379705701941305929E+01
    0.229645015731046957E-02    0.319736569869925972E+03   -0.373880149423141983E+01
    0.229138347365848019E-02    0.319730987367262912E+03   -0.379695666897058537E+01
    0.230086666522005996E-02    0.319712727185648362E+03   -0.373904516070324000E+01
    0.229079529450115522E-02    0.319711500816598118E+03   -0.379663491978624146E+01
    0.228662994202785555E-02    0.319705140726292143E+03   -0.379652948329372020E+01
    0.227832651165343382E-02    0.319702416536798751E+03   -0.373915149392215262E+01
    0.230083909955578966E-02    0.319672751146905966E+03   -0.379598921211310003E+01
    0.230914572004182550E-02    0.319655543635557478E+03   -0.379569986077015376E+01
    0.229984486108645355E-02    0.319653615573581078E+03   -0.379566733655221178E+01
    0.229553055572341395E-02    0.319647370919979835E+03   -0.379556185190186035E+01
    0.229502485350942947E-02    0.319637811565758795E+03   -0.379539994388595581E+01
    0.228796320834703587E-02    0.319633974925257519E+03   -0.373987275826968890E+01
    0.227832875426322700E-02    0.319632414568153195E+03   -0.379530830117087570E+01
    0.226784915183180467E-02    0.319631635167267234E+03   -0.379529505268527512E+01
    0.226277129374902316E-02    0.319626118315012604E+03   -0.373995734255596624E+01
    0.225324951139369532E-02    0.319624552108279772E+03   -0.373997425005336837E+01
    0.225570253089619295E-02    0.319612375975358930E+03   -0.379496654071868367E+01
    0.224909242445177522E-02    0.319608245375634851E+03   -0.379489579469551774E+01
    0.224206473663388778E-02    0.319604504514027667E+03   -0.379483163457741934E+01
    0.223527959708223799E-02    0.319600566272284425E+03   -0.374023511195968084E+01
    0.223260984510066304E-02    0.319592956440916737E+03   -0.379463303094902216E+01
    0.222426868380066339E-02    0.319590442551192837E+03   -0.379458968778928307E+01
    0.221879293135169089E-02    0.319585372264706280E+03   -0.379450214844130951E+01
    0.221834779947356186E-02    0.319575773542832508E+03   -0.379433598084035006E+01
    0.220975750253842810E-02    0.319573533347196246E+03   -0.374053357412071019E+01
    0.221230722109370991E-02    0.319561226986708846E+03   -0.374067106249716819E+01
    0.224447119333171657E-02    0.319522359021856289E+03   -0.379340027457063478E+01
    0.223917513001274009E-02    0.319517083806462495E+03   -0.374117293868307854E+01
    0.223748708074764536E-02    0.319508592117132935E+03   -0.374127109975667160E+01
    0.224087576606746709E-02    0.319495565398590941E+03   -0.379292350204823414E+01
    0.223076084481816858E-02    0.319494613484901436E+03   -0.379290646809634158E+01
    0.222096123636881561E-02    0.319493418728444908E+03   -0.379288507919307794E+01
    0.221182807578457728E-02    0.319491660197068711E+03   -0.374146844487487495E+01
    0.220226242957472342E-02    0.319490328493445816E+03   -0.374148405895607272E+01
    0.219421186336813887E-02    0.319487653067336851E+03   -0.379278171245389206E+01
    0.218978581382175746E-02    0.319481691437222992E+03   -0.379267457242434425E+01
    0.218275482166321779E-02    0.319478123394114448E+03   -0.379261032138849608E+01
    0.217866078555470442E-02    0.319471878172543938E+03   -0.374170180893878879E+01
    0.217003014150398375E-02    0.319469816796398447E+03   -0.379246036735384795E+01
    0.219882982388978953E-02    0.319433448270249642E+03   -0.379179747978774273E+01
    0.219190550624118879E-02    0.319429756392118350E+03   -0.379172959263170650E+01
    0.219105383851769071E-02    0.319420533645720070E+03   -0.379155950792687246E+01
    0.219089950328920204E-02    0.319410674528305094E+03   -0.374244405709348094E+01
    0.218443637655501210E-02    0.319406583223420228E+03   -0.374249482251547771E+01
    0.217801523348885992E-02    0.319402470874014227E+03   -0.379122430888067008E+01
    0.217475447198877368E-02    0.319395467368045104E+03   -0.374263351074477768E+01
    0.217800439253836931E-02    0.319382480828928578E+03   -0.379085002141894822E+01
    0.217190760903910327E-02    0.319378087183714001E+03   -0.379076727484757825E+01
    0.219492112845873092E-02    0.319347006684465271E+03   -0.379017678563070515E+01
    0.219008110948976662E-02    0.319341421752619681E+03   -0.374332440589893611E+01
    0.218225995102033820E-02    0.319338576882288748E+03   -0.379001502907118404E+01
    0.219363570141892141E-02    0.319318178301583487E+03   -0.374363051354931464E+01
    0.219751088896310513E-02    0.319304648300049280E+03   -0.378935670841745509E+01
    0.219567562659475028E-02    0.319296319308069201E+03   -0.374392365828991958E+01
    0.218723328797518039E-02    0.319294024098860120E+03   -0.378914807519269115E+01
    0.218396045700371653E-02    0.319287019007595802E+03   -0.374404999204285094E+01
    0.217346439804542643E-02    0.319286654128895748E+03   -0.374405496854077979E+01
    0.218241033086342701E-02    0.319268439066753160E+03   -0.374430536345732534E+01
    0.217368051136572135E-02    0.319266455273486088E+03   -0.374433286995576164E+01
    0.216779206394826724E-02    0.319261880576469025E+03   -0.378850919696688138E+01
    0.215732520618140819E-02    0.319261560663778710E+03   -0.378850277865522944E+01
    0.215193666127149342E-02    0.319256562492754767E+03   -0.378840234433078038E+01
    0.214308328635864302E-02    0.319254807751272949E+03   -0.378836701355869465E+01
    0.214629809476509772E-02    0.319241809828054897E+03   -0.374467859538250991E+01
    0.215080374724511405E-02    0.319227615695081681E+03   -0.378781469580832919E+01
    0.214544720428289830E-02    0.319222602876508631E+03   -0.374495335221565240E+01
    0.213716400519706152E-02    0.319220339473654292E+03   -0.374498604882386621E+01
    0.212855399291264277E-02    0.319218413166271318E+03   -0.378762566086997499E+01
    0.212134853270054113E-02    0.319215194937921638E+03   -0.378755929238081457E+01
    0.212226363225133429E-02    0.319204332371287933E+03   -0.374521925959140844E+01
    0.211318076040851793E-02    0.319202910347929219E+03   -0.374524014752211976E+01
    0.210370625656643726E-02    0.319201897565036745E+03   -0.378728360054937729E+01
    0.210119373882729655E-02    0.319194287650927890E+03   -0.374536741304521836E+01
    0.209112447191110024E-02    0.319193895019236038E+03   -0.378711652474903371E+01
    0.208194686477431107E-02    0.319192692014247882E+03   -0.378709133174140966E+01
    0.207360564210449074E-02    0.319190721015309407E+03   -0.378705001176176026E+01
    0.206580552852444468E-02    0.319188258437895115E+03   -0.378699830943791493E+01
    0.205833202117863476E-02    0.319185506998774940E+03   -0.374549809942072631E+01
    0.205188730602081119E-02    0.319181778898083735E+03   -0.378686185810512121E+01
    0.204326034912987852E-02    0.319180205426628504E+03   -0.374557754781840480E+01
    0.203735171908936506E-02    0.319175997336343187E+03   -0.378673959462055709E+01
    0.202763605295346689E-02    0.319175557694387123E+03   -0.378673027752223135E+01
    0.202100762051572519E-02    0.319172106493337765E+03   -0.378665703935945253E+01
    0.201370460717285090E-02    0.319169346683870629E+03   -0.374574157852578882E+01
    0.200483952825759133E-02    0.319168170867950778E+03   -0.378657330601426700E+01
    0.199739665708994736E-02    0.319165609589108726E+03   -0.378651868862964758E+01
    0.199055847131062976E-02    0.319162468435069741E+03   -0.374584640524597257E+01
    0.198483928286059038E-02    0.319158223021402364E+03   -0.374591147175715022E+01
    0.198488760956465598E-02    0.319148174326159221E+03   -0.378614423281342560E+01
    0.197616236843627981E-02    0.319146985379075886E+03   -0.378611852549677774E+01
    0.197312194981981784E-02    0.319140064842565607E+03   -0.378596844275657674E+01
    0.196716733287113097E-02    0.319136109699736721E+03   -0.378588232234408917E+01
    0.196433486963095870E-02    0.319128991512931123E+03   -0.378572668219328401E+01
    0.195889624685459136E-02    0.319124536560978243E+03   -0.378562884463815186E+01
    0.195700525067645783E-02    0.319116468168631116E+03   -0.374656700886411897E+01
    0.194930034972935003E-02    0.319114357885132790E+03   -0.378540403813688364E+01
    0.194026469318863120E-02    0.319113650104386011E+03   -0.378538833952057985E+01
    0.193489156587345616E-02    0.319109196338291781E+03   -0.378528935313224801E+01
    0.192675263602276364E-02    0.319107626883910712E+03   -0.374670963737577445E+01
    0.191814556649102098E-02    0.319106581174459563E+03   -0.378523106687387667E+01
    0.191522316258644753E-02    0.319099630611836744E+03   -0.374683985148481469E+01
    0.190918083818780943E-02    0.319095950372432185E+03   -0.378499286244642130E+01
    0.190245451606533764E-02    0.319093009105474039E+03   -0.378492659223361017E+01
    0.189580342069628613E-02    0.319090013476717786E+03   -0.374699803309388280E+01
    0.189097638772737684E-02    0.319085112305619987E+03   -0.378474786738719793E+01
    0.189359313516295770E-02    0.319072346603643325E+03   -0.378445641704557056E+01
    0.188719657087826182E-02    0.319069114047362973E+03   -0.378438210664054386E+01
    0.187880986918683313E-02    0.319068021855343659E+03   -0.378435695186246068E+01
    0.187557304006076434E-02    0.319061470443307371E+03   -0.378420555546129922E+01
    0.186633879746824632E-02    0.319061341612633669E+03   -0.374748031832986683E+01
    0.186388170176125844E-02    0.319053976412440136E+03   -0.378403129071169309E+01
    0.185488418996563958E-02    0.319053654385848006E+03   -0.374761248227105970E+01
    0.185657424584264718E-02    0.319041832939079256E+03   -0.378374637637294331E+01
    0.186092587362385558E-02    0.319027150620715815E+03   -0.374807808282667221E+01
    0.185469572656282939E-02    0.319023857603902059E+03   -0.378331862943867936E+01
    0.184744199527722935E-02    0.319021694957466934E+03   -0.378326666489620234E+01
    0.183938880782688564E-02    0.319020432217936161E+03   -0.378323627242356775E+01
    0.183980955162651940E-02    0.319009974788071986E+03   -0.378298310349806144E+01
    0.183312119771681563E-02    0.319007258738420092E+03   -0.378291691182223477E+01
    0.182511649682234683E-02    0.319006011273753415E+03   -0.374846121086592809E+01
    0.181779343648231497E-02    0.319004052175492177E+03   -0.374849727801787047E+01
    0.181482386760162045E-02    0.318997322070769997E+03   -0.378267316725364067E+01
    0.180791197003533303E-02    0.318994953768208461E+03   -0.378261469944293705E+01
    0.180535789426320217E-02    0.318987781208497665E+03   -0.374880068569104941E+01
    0.179828728749197226E-02    0.318985629501532003E+03   -0.378238306745687547E+01
    0.179189027105783869E-02    0.318982756751479599E+03   -0.378231123209784759E+01
    0.178757240524284045E-02    0.318977581909107812E+03   -0.374899451539311679E+01
    0.177905141387996830E-02    0.318977138294089229E+03   -0.378217008172394298E+01
    0.177821925123158885E-02    0.318968074025712610E+03   -0.374917785410934989E+01
    0.177001166226678952E-02    0.318967326640667579E+03   -0.374919237714560216E+01
    0.177176289393657176E-02    0.318955348839105454E+03   -0.374942741020884496E+01
    0.177256488923279061E-02    0.318944443736238043E+03   -0.374964525794826820E+01
    0.176526103631034228E-02    0.318942701760745706E+03   -0.374968041006940922E+01
    0.175793134444009419E-02    0.318941023420936517E+03   -0.374971437202460400E+01
    0.174981016250232700E-02    0.318940284304536021E+03   -0.378122127938890706E+01
    0.174136477022923913E-02    0.318939960598516961E+03   -0.374973592671540867E+01
    0.173389528084774507E-02    0.318938557941764770E+03   -0.378117579576601770E+01
    0.172728170104783935E-02    0.318936201108102125E+03   -0.378111354226914109E+01
    0.172574004490510515E-02    0.318927986971451503E+03   -0.378089511060473171E+01
    0.171854755140341442E-02    0.318926339937056696E+03   -0.378085103357796992E+01
    0.171107729305953549E-02    0.318925052575314908E+03   -0.375004229869487471E+01
    0.170773700215160547E-02    0.318918960704487631E+03   -0.375016972962380546E+01
    0.170123637662903662E-02    0.318916588377314326E+03   -0.378058810065292850E+01
    0.169883162046389146E-02    0.318909417446107227E+03   -0.378039253804849107E+01
    0.169053476431725797E-02    0.318909209096554036E+03   -0.375037655039710227E+01
    0.168387636622230699E-02    0.318907101918713465E+03   -0.378032897710800153E+01
    0.167709830214466315E-02    0.318905168713539865E+03   -0.378027575358921197E+01
    0.167251615584331718E-02    0.318900640566156937E+03   -0.378015051968581783E+01
    0.166786439566431058E-02    0.318896210905361499E+03   -0.375065791118290015E+01
    0.166016834749402190E-02    0.318895460888739422E+03   -0.378000627042297754E+01
    0.165462849128487585E-02    0.318892145897367527E+03   -0.377991338066461591E+01
    0.165278014862402906E-02    0.318884381294386117E+03   -0.377969401604207622E+01
    0.164808707696495948E-02    0.318880068375387054E+03   -0.377957105340186539E+01
    0.164021341293314618E-02    0.318879646185083743E+03   -0.377955897289424225E+01
    0.163272656990410777E-02    0.318878796192266293E+03   -0.377953462739797441E+01
    0.162490421881669972E-02    0.318878401167942457E+03   -0.377952330221034050E+01
    0.161680262944501833E-02    0.318878397884632932E+03   -0.375105478468094145E+01
    0.161162790575848929E-02    0.318874809332005498E+03   -0.375113641391506292E+01
    0.160657812459337208E-02    0.318871085854095099E+03   -0.375122173374635892E+01
    0.160045895147948604E-02    0.318868718045921582E+03   -0.375127632483235773E+01
    0.159536734846652982E-02    0.318865090867023980E+03   -0.377913754846227334E+01
    0.159524907017037556E-02    0.318855239149713839E+03   -0.377884660019171292E+01
    0.158978844368871486E-02    0.318852097005306689E+03   -0.375166718606787786E+01
    0.158264426496823422E-02    0.318851104844341705E+03   -0.375169095814478926E+01
    0.157884304813574639E-02    0.318845914249900261E+03   -0.375181616987245636E+01
    0.157329750903248953E-02    0.318842951429523509E+03   -0.375188828981351286E+01
    0.157154387729812012E-02    0.318835181916471129E+03   -0.377823872034184838E+01
    0.156731994509477475E-02    0.318830564672770265E+03   -0.375219512873712446E+01
    0.155987590303759876E-02    0.318830086373973529E+03   -0.375220715509619263E+01
    0.155219596086061842E-02    0.318829957557035073E+03   -0.377807670993276457E+01
    0.154533746416974358E-02    0.318828814291678952E+03   -0.377804104254343320E+01
    0.153978452818527871E-02    0.318826013931751277E+03   -0.377795334610999856E+01
    0.153992971515826312E-02    0.318815825359745475E+03   -0.377763018156688846E+01
    0.153563532557220834E-02    0.318811410534918195E+03   -0.375268784076860751E+01
    0.152855014153108074E-02    0.318810659579069409E+03   -0.375270764270775281E+01
    0.152226765328031797E-02    0.318808896710951956E+03   -0.377740657258763690E+01
    0.151495915107461069E-02    0.318808521960276721E+03   -0.375276422016135891E+01
    0.156090654431174317E-02    0.318748757036919415E+03   -0.375449533462524432E+01
    0.168054569455482238E-02    0.318601053460450771E+03   -0.376578439474105853E+01
    0.167756341902296061E-02    0.318604605788519962E+03   -0.376239750385284433E+01
    0.166282633575509458E-02    0.318622253045234686E+03   -0.376864408254623395E+01
    0.167098031741826384E-02    0.318612469636931792E+03   -0.376764879226684579E+01
    0.167799044800868058E-02    0.318604096747086032E+03   -0.376645385622978246E+01
    0.155207451115931460E-02    0.318760105717419492E+03   -0.375414115786552438E+01
    0.168254555171355085E-02    0.318598674866177817E+03   -0.376466516852378863E+01
    0.164007397140468036E-02    0.318649807887503925E+03   -0.377067174356339851E+01
    0.153568965534985340E-02    0.318781331444146076E+03   -0.377648258640180101E+01
    0.153970522078035682E-02    0.318776108612120595E+03   -0.377630066334895798E+01
    0.168202427810242462E-02    0.318599294587142651E+03   -0.376515524078896746E+01
    0.162683035047610203E-02    0.318666023475317388E+03   -0.377161651042423562E+01
    0.152419820585812378E-02    0.318796353567881454E+03   -0.375309244694709143E+01
    0.167074703771935757E-02    0.318612748869405891E+03   -0.376130997835466596E+01
    0.167692363089080626E-02    0.318605368692809520E+03   -0.376667575529234444E+01
    0.166400468509254906E-02    0.318620836262260923E+03   -0.376851441238860518E+01
    0.162800676380130170E-02    0.318664577733690237E+03   -0.377153697964472112E+01
    0.165521473002221814E-02    0.318631429084872480E+03   -0.376940627730887368E+01
    0.162783360130115337E-02    0.318664790474464837E+03   -0.377154873360533838E+01
    0.157548606214145503E-02    0.318730162907070849E+03   -0.377458164359833459E+01
    0.157412189905285901E-02    0.318731895393387504E+03   -0.377465099709827978E+01
    0.167396344908691316E-02    0.318608902303466380E+03   -0.376720191348723699E+01
    0.168040979060859086E-02    0.318601215204867685E+03   -0.376582802559534269E+01
    0.166393461871969716E-02    0.318620920478187315E+03   -0.376051750679208485E+01
    0.166239410520949778E-02    0.318622772987362680E+03   -0.376869072500270619E+01
    0.160412290368225048E-02    0.318694136318667461E+03   -0.377302964976454547E+01
    0.152490085347165580E-02    0.318795431790514044E+03   -0.377696244679905124E+01
    0.164791680363202630E-02    0.318640266684211952E+03   -0.375910649195049062E+01
    0.155137608425876005E-02    0.318761005911433699E+03   -0.375411364837376915E+01
    0.155512193302158558E-02    0.318756182666020436E+03   -0.377558339180736180E+01
    0.152018701308144467E-02    0.318801623853747856E+03   -0.375294897276287109E+01
    0.165495111713918962E-02    0.318631747634329827E+03   -0.376943075659169402E+01
    0.156567975179595833E-02    0.318742650426398654E+03   -0.377507265990270779E+01
    0.168232641277366425E-02    0.318598935368143430E+03   -0.376397342016306347E+01
    0.166695118633773025E-02    0.318617297936173827E+03   -0.376084632717995948E+01
    0.153012093501878055E-02    0.318788597028618710E+03   -0.375330744741547662E+01
    0.158219215845339304E-02    0.318721667923192683E+03   -0.375540395888092160E+01
    0.154496672661226953E-02    0.318769285830282854E+03   -0.375386439586662846E+01
    0.155429696873233105E-02    0.318757243911654655E+03   -0.375422916844738541E+01
    0.162001198349318292E-02    0.318674423485301986E+03   -0.375729419725850722E+01
    0.168183800445601559E-02    0.318599516086872370E+03   -0.376526153197798630E+01
    0.165471659217861764E-02    0.318632031076634689E+03   -0.375965327204118616E+01
    0.164535152937170400E-02    0.318643382464063166E+03   -0.375891453850707213E+01
    0.162411708178011394E-02    0.318669361910505927E+03   -0.377179715584500386E+01
    0.164405413829085125E-02    0.318644960124320619E+03   -0.375882000397381422E+01
    0.165822811405922439E-02    0.318627791315929926E+03   -0.376911819585095920E+01
    0.168237516864155304E-02    0.318598877406548070E+03   -0.376401860006454347E+01
    0.167516715894194031E-02    0.318607464664809982E+03   -0.376700059508087826E+01
    0.159184041460968726E-02    0.318709508897535329E+03   -0.377372004911310643E+01
    0.168229905439167839E-02    0.318598967892871372E+03   -0.376394984891827766E+01
    0.166366266070614886E-02    0.318621247390360054E+03   -0.376048923588258077E+01
    0.158874334909981990E-02    0.318713403863640679E+03   -0.375570220324212656E+01
    0.152721585284089573E-02    0.318792397830759626E+03   -0.377686052655114057E+01
    0.164351114356139655E-02    0.318645620789205225E+03   -0.375878091673552239E+01
    0.155842310103258591E-02    0.318751941623463608E+03   -0.375439452980575528E+01
    0.167141182987627862E-02    0.318611953225402090E+03   -0.376758790547693190E+01
    0.167554187941062896E-02    0.318607017332062242E+03   -0.376693473447556970E+01
    0.152955400743662274E-02    0.318789338189165903E+03   -0.377675702014795789E+01
    0.167949822704619735E-02    0.318602300429320223E+03   -0.376283780570028092E+01
    0.167930112491366038E-02    0.318602535158593525E+03   -0.376614311597988483E+01
    0.167387487917404639E-02    0.318609008126871458E+03   -0.376721617145644583E+01
    0.160345850466313755E-02    0.318694964854494344E+03   -0.375641200141550957E+01
    0.162848828625263052E-02    0.318663986272690067E+03   -0.377150420739550318E+01
    0.163458453722843461E-02    0.318656513245395445E+03   -0.377107742065085549E+01
    0.168244256860116976E-02    0.318598797283385522E+03   -0.376409024259784131E+01
    0.167942579725145454E-02    0.318602386682887413E+03   -0.376281914434545861E+01
    0.151709657403182392E-02    0.318805693859102973E+03   -0.375283955860851837E+01
    0.153858944165394620E-02    0.318777558478748233E+03   -0.377635140334157793E+01
    0.154442165617589078E-02    0.318769991562776795E+03   -0.377608451057215433E+01
    0.168057667953237463E-02    0.318601016585890306E+03   -0.376314737979879865E+01
    0.166385813083442494E-02    0.318621012416467181E+03   -0.376853074780433950E+01
    0.154259226097841766E-02    0.318772362002898831E+03   -0.375377346656370570E+01
    0.165436186136947317E-02    0.318632459873733922E+03   -0.375962317759915754E+01
    0.165872348028347203E-02    0.318627193940642599E+03   -0.376906927355977572E+01
    0.162142846724490104E-02    0.318672675516936181E+03   -0.377197254762115719E+01
    0.168208878458331974E-02    0.318599217887602890E+03   -0.376379646118528655E+01
    0.153696267702908515E-02    0.318779674215648527E+03   -0.375356076886695966E+01
    0.167560961023778500E-02    0.318606936487221446E+03   -0.376203409509059394E+01
    0.168005215761526158E-02    0.318601640899906272E+03   -0.376593683505388066E+01
    0.168234437527906141E-02    0.318598914013893307E+03   -0.376491960893250699E+01
    0.155313587352242798E-02    0.318758738515493746E+03   -0.377567759239296485E+01
    0.152144234330815059E-02    0.318799972988174318E+03   -0.375299369393170990E+01
    0.163940083353668635E-02    0.318650628918818370E+03   -0.377072271421072358E+01
    0.153505381528916992E-02    0.318782159699682040E+03   -0.377651122126620642E+01
    0.157004848024459810E-02    0.318737077582131576E+03   -0.377485603044042417E+01
    0.159086562832882789E-02    0.318710734001328376E+03   -0.377377310907607022E+01
    0.168073453559682917E-02    0.318600828735311211E+03   -0.376319918804756615E+01
    0.157327393962198442E-02    0.318732973058218818E+03   -0.377469392999978126E+01
    0.166642673601105585E-02    0.318617927268152641E+03   -0.376823498282704161E+01
    0.151610774082440837E-02    0.318806997870491330E+03   -0.375280475141169578E+01
    0.162289653642366523E-02    0.318670865501876278E+03   -0.375745940137420664E+01
    0.167665970944005883E-02    0.318605683486180681E+03   -0.376672741763290242E+01
    0.151776405646702312E-02    0.318804814105430921E+03   -0.377727328323518563E+01
    0.153576964531230314E-02    0.318781227272213926E+03   -0.375351619725433494E+01
    0.154929957988643213E-02    0.318763684688458682E+03   -0.377585798598509736E+01
    0.167886879939515969E-02    0.318603050112310143E+03   -0.376625139502924178E+01
    0.168258853625512413E-02    0.318598623772176268E+03   -0.376436436809918273E+01
    0.167929857613453534E-02    0.318602538194119461E+03   -0.376614377414101398E+01
    0.158649413004689419E-02    0.318716237313981196E+03   -0.377400824026594250E+01
    0.168156983864737480E-02    0.318599835008420655E+03   -0.376352074483684618E+01
    0.161396628139015086E-02    0.318681901221576823E+03   -0.377244243174290350E+01
    0.166667080556555814E-02    0.318617634363967397E+03   -0.376081447831560567E+01
    0.158255139296974764E-02    0.318721213877533614E+03   -0.375542006128615258E+01
    0.167939950987340460E-02    0.318602417988329819E+03   -0.376611751640597658E+01
    0.164422643814347087E-02    0.318644750531679392E+03   -0.375883246499460988E+01
    0.157696935984854799E-02    0.318728280821371925E+03   -0.377450582736584828E+01
    0.167294351407467875E-02    0.318610121261812139E+03   -0.376736205844015615E+01
    0.166438137894017908E-02    0.318620383557746493E+03   -0.376847214224946692E+01
    0.164906340547839574E-02    0.318638875590762950E+03   -0.376995176887485739E+01
    0.155025026271953491E-02    0.318762457822737929E+03   -0.377581347047395077E+01
    0.167770693915063481E-02    0.318604434690381879E+03   -0.376242682110316595E+01
    0.161807350322295792E-02    0.318676818086074263E+03   -0.375718530907011505E+01
    0.156904560687614594E-02    0.318738355496554959E+03   -0.375483287247544428E+01
    0.162832442797543114E-02    0.318664187522552083E+03   -0.375778150002687727E+01
    0.167726394311377785E-02    0.318604962857158853E+03   -0.376233766167330863E+01
    0.154670266042666480E-02    0.318767039879918173E+03   -0.377597897030116236E+01
    0.168228947029015687E-02    0.318598979286955910E+03   -0.376394184965190792E+01
    0.165963734814070186E-02    0.318626092351119837E+03   -0.376897775155358694E+01
    0.162202520629526497E-02    0.318671939586514895E+03   -0.377193391696234670E+01
    0.158924879921158594E-02    0.318712767675642169E+03   -0.377386060348373320E+01
    0.168256372079571455E-02    0.318598653269158888E+03   -0.376428307417196173E+01
    0.167642047143629893E-02    0.318605968881090746E+03   -0.376217771645395871E+01
    0.168259343675958967E-02    0.318598617947225932E+03   -0.376451537710556394E+01
    0.165530768499428283E-02    0.318631316770306455E+03   -0.375970385331729506E+01
    0.162199115856451540E-02    0.318671981568708475E+03   -0.377193612557011715E+01
    0.159083169319249301E-02    0.318710776664263165E+03   -0.377377495201413238E+01
    0.167668891877550898E-02    0.318605648644189955E+03   -0.376672175584550528E+01
    0.160638785908163756E-02    0.318691314392883669E+03   -0.377289746806334136E+01
    0.161443838502989159E-02    0.318681316284195191E+03   -0.375698543601300905E+01
    0.167420884932896865E-02    0.318608609128300202E+03   -0.376716203438227959E+01
    0.157766959620963924E-02    0.318727392939896617E+03   -0.377446988637138237E+01
    0.163532612776669532E-02    0.318655606076207107E+03   -0.377102388634673158E+01
    0.166321823187414938E-02    0.318621781739318124E+03   -0.376044347616467700E+01
    0.160800496751135500E-02    0.318689302058171165E+03   -0.377280206507407945E+01
    0.163634863570490639E-02    0.318654355942198777E+03   -0.377094944912446728E+01
    0.156110043132670715E-02    0.318748508623617681E+03   -0.377529631632710672E+01
    0.167678982412672599E-02    0.318605528285172966E+03   -0.376670209103589837E+01
    0.162364423425106455E-02    0.318669944277849311E+03   -0.375750287223649559E+01
    0.167838455125354780E-02    0.318603627069833919E+03   -0.376636559312190800E+01
    0.161966574233762383E-02    0.318674850986042713E+03   -0.377208570505359386E+01
    0.154024134738263083E-02    0.318775412331719849E+03   -0.377627623003367940E+01
    0.164959732472523307E-02    0.318638228153157002E+03   -0.375923616218922962E+01
    0.167959713804049691E-02    0.318602182646425035E+03   -0.376286364945611229E+01
    0.157985823270483041E-02    0.318724620344417758E+03   -0.377435691776532334E+01
    0.157439779466986046E-02    0.318731544885028597E+03   -0.375506126551263542E+01
    0.167823786943042518E-02    0.318603801866763490E+03   -0.376639889805432615E+01
    0.168247361790546364E-02    0.318598760373932123E+03   -0.376412854107820394E+01
    0.166176140474267502E-02    0.318623534324156424E+03   -0.376029709765343334E+01
    0.158319410281558440E-02    0.318720401797275713E+03   -0.377418282925262982E+01
    0.160719376165266458E-02    0.318690311272150439E+03   -0.375660235915183405E+01
    0.161076664006442488E-02    0.318685870098942701E+03   -0.375678887770278003E+01
    0.153498621668209621E-02    0.318782247774894586E+03   -0.377651426284058456E+01
    0.168076038469105950E-02    0.318600797976265198E+03   -0.376571245284230871E+01
    0.153561877290966020E-02    0.318781423759772281E+03   -0.377648578085738551E+01
    0.157177550734079619E-02    0.318734878824623877E+03   -0.375494869531998665E+01
    0.168189143924927652E-02    0.318599452544552264E+03   -0.376523251137486437E+01
    0.153260073403589940E-02    0.318785358341167523E+03   -0.377662126731672387E+01
    0.167697149714878804E-02    0.318605311605445536E+03   -0.376228084485983949E+01
    0.166549562521337230E-02    0.318619045074296935E+03   -0.376068398797896819E+01
    0.157730937059485498E-02    0.318727849647367748E+03   -0.375518782223677672E+01
    0.161305645232239772E-02    0.318683028984430621E+03   -0.375691085234877153E+01
    0.164171399261375719E-02    0.318647808951114882E+03   -0.377054600284440333E+01
    0.155653594961462321E-02    0.318754364964018862E+03   -0.375431857650985368E+01
    0.161888415757344183E-02    0.318675816337577828E+03   -0.375723064332173262E+01
    0.153904810658850723E-02    0.318776962352751241E+03   -0.375363909797086892E+01
    0.158359076370040886E-02    0.318719900770646348E+03   -0.377416197096932704E+01
    0.167450953351573725E-02    0.318608249964998663E+03   -0.376185214613092977E+01
    0.166592064258586428E-02    0.318618534759955367E+03   -0.376829493433213347E+01
    0.156670569710347764E-02    0.318741340312607178E+03   -0.377502208029598707E+01
    0.166891793029864607E-02    0.318614939637187831E+03   -0.376792583839163608E+01
    0.168137871221466146E-02    0.318600062340394402E+03   -0.376343803648407205E+01
    0.167396249280723662E-02    0.318608903446000227E+03   -0.376720206780645261E+01
    0.152305179279335124E-02    0.318797858417328484E+03   -0.377704346187906381E+01
    0.152890678146607221E-02    0.318790184661983290E+03   -0.375326305692583695E+01
    0.167710787308863215E-02    0.318605148966551383E+03   -0.376230714928059484E+01
    0.162392047860456098E-02    0.318669604029843697E+03   -0.375751900281167206E+01
    0.167609388079840754E-02    0.318606358547597267E+03   -0.376211878467499794E+01
    0.163579667312038269E-02    0.318655030683125801E+03   -0.377098972229037122E+01
    0.157629148740552117E-02    0.318729140721629221E+03   -0.377454052871084045E+01
    0.167576034486135832E-02    0.318606756579153171E+03   -0.376206012760622777E+01
    0.157669729789743822E-02    0.318728625895194000E+03   -0.377451976543379830E+01
    0.158553002043341205E-02    0.318717453079810753E+03   -0.375555468228138833E+01
    0.157489735654594643E-02    0.318730910378758097E+03   -0.377461161658032962E+01
    0.156014498377015048E-02    0.318749733067657587E+03   -0.377534255970005095E+01
    0.163891633397303957E-02    0.318651220075247011E+03   -0.377075917844046815E+01
    0.153136483631286804E-02    0.318786971802887876E+03   -0.375335309852663723E+01
    0.167351327397795963E-02    0.318609440231164058E+03   -0.376727366770524341E+01
    0.165188628581268340E-02    0.318635454901220328E+03   -0.376970777042791916E+01
    0.160107478438160835E-02    0.318697940290236374E+03   -0.377320500172958573E+01
    0.167859190554036004E-02    0.318603379997160346E+03   -0.376631752678901499E+01
    0.165945930735994594E-02    0.318626306916466262E+03   -0.376007600434996991E+01
    0.162998686697273529E-02    0.318662146662743339E+03   -0.377140137508482987E+01
    0.165191754535532484E-02    0.318635417054490631E+03   -0.375942081811379314E+01
    0.168077532957092201E-02    0.318600780192869593E+03   -0.376570729401773585E+01
    0.152335742528228024E-02    0.318797457115378450E+03   -0.377703009451053706E+01
    0.155144625478936880E-02    0.318760915451171456E+03   -0.375411640906118560E+01
    0.156230068821458772E-02    0.318746971508273191E+03   -0.375455235895219808E+01
    0.155647301095659268E-02    0.318754445835816966E+03   -0.375431605283859904E+01
    0.160584628188986363E-02    0.318691988786060676E+03   -0.377292922503255479E+01
