   -0.212691397666931170E+01   -0.168888896072457754E+14   -0.529831319988485294E+01    1
   -0.218422873020172137E+01   -0.599978536028089258E+13   -0.530331319988484751E+01    1
   -0.220044290423393241E+01   -0.448121777433027441E+13   -0.530831319988485095E+01    1
   -0.222652752995491054E+01   -0.280458164632725342E+13   -0.531331319988484285E+01    1
   -0.222793282866477993E+01   -0.273473747958004785E+13   -0.531831319988483830E+01    1
   -0.222873590588569659E+01   -0.269561141475143848E+13   -0.532331319988484530E+01    1
   -0.223765410780906704E+01   -0.229713066482757080E+13   -0.532831319988484609E+01    1
   -0.225196654796600360E+01   -0.177745600539800464E+13   -0.533331319988484154E+01    1
   -0.225363994240760812E+01   -0.172497978534115796E+13   -0.533831319988483788E+01    1
   -0.227419118285179156E+01   -0.119422833990694263E+13   -0.534331319988483511E+01    1
   -0.227908950448036185E+01   -0.109411321609174585E+13   -0.534831319988484299E+01    1
   -0.228012022972106942E+01   -0.107414450152358044E+13   -0.535331319988485443E+01    1
   -0.231833986043930063E+01   -0.543103803712601318E+12   -0.535831319988483568E+01    1
   -0.234129341840744010E+01   -0.360923160971706238E+12   -0.536331319988484623E+01    1
   -0.235135279893875149E+01   -0.301810123625966248E+12   -0.536831319988485056E+01    1
   -0.237575158476829529E+01   -0.195683818530888672E+12   -0.537331319988484601E+01    1
   -0.239371624588966370E+01   -0.142301283754561554E+12   -0.537831319988484857E+01    1
   -0.245580019950866690E+01   -0.474702768210638199E+11   -0.538331319988484491E+01    1
   -0.246467155814170846E+01   -0.405934250731871719E+11   -0.538831319988483948E+01    1
   -0.246696532368659982E+01   -0.389842345784874268E+11   -0.539331319988484825E+01    1
   -0.247627486586570766E+01   -0.330841311892869186E+11   -0.539831319988485436E+01    1
   -0.248836008906364459E+01   -0.267403039092274895E+11   -0.540331319988484537E+01    1
   -0.248926151990890521E+01   -0.263192323687539444E+11   -0.540831319988483905E+01    1
   -0.249252170920372018E+01   -0.248511433971969566E+11   -0.541331319988484161E+01    1
   -0.249652776122093201E+01   -0.231592262200818253E+11   -0.541831319988483973E+01    1
   -0.249730923175811759E+01   -0.228429085337699966E+11   -0.542331319988484406E+01    1
   -0.253306068778038052E+01   -0.121851487836033459E+11   -0.542831319988484751E+01    1
   -0.253572574257850647E+01   -0.116281666142952251E+11   -0.543331319988484829E+01    1
   -0.254349706172943124E+01   -0.101456239796278839E+11   -0.543831319988484552E+01    1
   -0.254415943622589102E+01   -0.100283973502263641E+11   -0.544331319988483830E+01    1
   -0.254796515107154864E+01   -0.938072587051564407E+10   -0.544831319988483820E+01    1
   -0.255381900668144235E+01   -0.846545842456888294E+10   -0.545331319988484342E+01    1
   -0.256125257015228280E+01   -0.743115377749748135E+10   -0.545831319988484953E+01    1
   -0.258208694458007804E+01   -0.515913374195892811E+10   -0.546331319988484410E+01    1
   -0.258506054282188424E+01   -0.489749941847876930E+10   -0.546831319988483777E+01    1
   -0.259572767615318289E+01   -0.406375288077947998E+10   -0.547331319988483678E+01    1
   -0.260251061916351345E+01   -0.360926851595935869E+10   -0.547831319988484022E+01    1
   -0.262208074331283569E+01   -0.256405570620757341E+10   -0.548331319988484100E+01    1
   -0.262414720654487610E+01   -0.247319343530729389E+10   -0.548831319988484623E+01    1
   -0.263681944012641933E+01   -0.198248990636188245E+10   -0.549331319988485411E+01    1
   -0.267233270406723022E+01   -0.106765508599142885E+10   -0.549831319988485046E+01    1
   -0.267522990107536307E+01   -0.101514626352090836E+10   -0.550331319988484413E+01    1
   -0.268228560686111450E+01   -0.897850803352261782E+09   -0.550831319988484491E+01    1
   -0.270522568225860605E+01   -0.602536189652149200E+09   -0.551331319988484569E+01    1
   -0.270888395309448260E+01   -0.565432481163914800E+09   -0.551831319988484470E+01    1
   -0.270983965992927578E+01   -0.556122817108130097E+09   -0.552331319988484637E+01    1
   -0.272266400456428537E+01   -0.445102157297073245E+09   -0.552831319988484449E+01    1
   -0.276953581571578988E+01   -0.197510079200308055E+09   -0.553331319988484527E+01    1
   -0.278260059952735928E+01   -0.157542350260671586E+09   -0.553831319988484871E+01    1
   -0.280384895801544198E+01   -0.109106454355535790E+09   -0.554331319988485038E+01    1
   -0.282096663713455209E+01   -0.811808723283270448E+08   -0.554831319988485117E+01    1
   -0.284680892229080218E+01   -0.519802420844225511E+08   -0.555331319988485106E+01    1
   -0.284784483313560477E+01   -0.510602076170249581E+08   -0.555831319988484740E+01    1
   -0.286243470311164883E+01   -0.397095423807355240E+08   -0.556331319988484108E+01    1
   -0.286954209208488464E+01   -0.351345637904768884E+08   -0.556831319988484541E+01    1
   -0.288308654427528399E+01   -0.278279614561130516E+08   -0.557331319988484619E+01    1
   -0.290090134143829337E+01   -0.204837962030172460E+08   -0.557831319988484164E+01    1
   -0.292945310473442078E+01   -0.125424371894107945E+08   -0.558331319988483532E+01    1
   -0.293159596920013454E+01   -0.120894236119420510E+08   -0.558831319988483610E+01    1
   -0.293280525207519549E+01   -0.118410546482943594E+08   -0.559331319988483600E+01    1
   -0.295410062670707729E+01   -0.821707138777436875E+07   -0.559831319988484122E+01    1
   -0.296472696661949175E+01   -0.684853350028483290E+07   -0.560331319988485266E+01    1
   -0.297063129544258109E+01   -0.618945805864746869E+07   -0.560831319988485166E+01    1
   -0.299240080714225787E+01   -0.426308028956681583E+07   -0.561331319988484800E+01    1
   -0.299610592126846331E+01   -0.400109198050971981E+07   -0.561831319988484346E+01    1
   -0.300240815877914446E+01   -0.359199258217558777E+07   -0.562331319988484069E+01    1
   -0.303026142120361364E+01   -0.223074123620125512E+07   -0.562831319988483703E+01    1
   -0.305142871141433725E+01   -0.155370397145411675E+07   -0.563331319988483337E+01    1
   -0.305600950121879578E+01   -0.143677821021640440E+07   -0.563831319988483060E+01    1
   -0.305959379076957738E+01   -0.135147007859837054E+07   -0.564331319988483582E+01    1
   -0.306534324288368243E+01   -0.122509953948618891E+07   -0.564831319988484637E+01    1
   -0.307154453396797189E+01   -0.110203227877149964E+07   -0.565331319988485337E+01    1
   -0.307216473221778852E+01   -0.109042694822189352E+07   -0.565831319988484260E+01    1
   -0.307493885755538976E+01   -0.103999701383639337E+07   -0.566331319988483273E+01    1
   -0.307982300519943220E+01   -0.956819849333320512E+06   -0.566831319988483973E+01    1
   -0.307984426617622375E+01   -0.956472743241971941E+06   -0.567331319988485205E+01    1
   -0.308722649216651934E+01   -0.843265229181786417E+06   -0.567831319988484218E+01    1
   -0.308981825709342939E+01   -0.806788500872099074E+06   -0.568331319988483941E+01    1
   -0.311120610833168065E+01   -0.560180100563533604E+06   -0.568831319988484108E+01    1
   -0.311663733720779401E+01   -0.510631854571898351E+06   -0.569331319988483653E+01    1
   -0.312736479640007037E+01   -0.425285888304904744E+06   -0.569831319988483376E+01    1
   -0.312797254920005807E+01   -0.420902593746254803E+06   -0.570331319988484253E+01    1
   -0.313797091245651227E+01   -0.354950234942614625E+06   -0.570831319988485753E+01    1
   -0.314763998985290527E+01   -0.301024324338943348E+06   -0.571331319988484942E+01    1
   -0.315217082500457746E+01   -0.278656780576231948E+06   -0.571831319988485021E+01    1
   -0.316424775123596191E+01   -0.226828746556719969E+06   -0.572331319988484477E+01    1
   -0.317270339727401751E+01   -0.196394802575831447E+06   -0.572831319988484466E+01    1
   -0.317394500374794042E+01   -0.192283896585018141E+06   -0.573331319988485255E+01    1
   -0.318265716433525103E+01   -0.165760102294239681E+06   -0.573831319988484623E+01    1
   -0.319225640892982465E+01   -0.140752122915830725E+06   -0.574331319988484079E+01    1
   -0.321218226552009600E+01   -0.100235173076959371E+06   -0.574831319988483802E+01    1
   -0.322081076502800023E+01   -0.865310348611168592E+05   -0.575331319988485035E+01    1
   -0.322864189147949254E+01   -0.757216477662803663E+05   -0.575831319988484758E+01    1
   -0.323996742367744428E+01   -0.624310404242122022E+05   -0.576331319988484214E+01    1
   -0.325562535524368268E+01   -0.478076496371908434E+05   -0.576831319988483848E+01    1
   -0.326330834627151489E+01   -0.419388762027779230E+05   -0.577331319988484193E+01    1
   -0.326918329000473040E+01   -0.379417635199509969E+05   -0.577831319988485603E+01    1
   -0.327170764207839948E+01   -0.363433964194758009E+05   -0.578331319988485149E+01    1
   -0.327461054325103795E+01   -0.345883309485516729E+05   -0.578831319988485049E+01    1
   -0.327954170703887948E+01   -0.317989206492681042E+05   -0.579331319988485305E+01    1
   -0.329430443048477173E+01   -0.247214686106863483E+05   -0.579831319988484672E+01    1
   -0.330622094869613647E+01   -0.201745825377739893E+05   -0.580331319988483418E+01    1
   -0.332509049773216248E+01   -0.146227588247613166E+05   -0.580831319988483852E+01    1
   -0.332806720733642614E+01   -0.138989416374286120E+05   -0.581331319988483841E+01    1
   -0.336615356802940369E+01   -0.726320243251843658E+04   -0.581831319988483298E+01    1
   -0.336880686879158020E+01   -0.694262280440243831E+04   -0.582331319988483287E+01    1
   -0.337559240460395849E+01   -0.618611044145048618E+04   -0.582831319988482743E+01    1
   -0.339098673462867772E+01   -0.476382318386959287E+04   -0.583331319988483976E+01    1
   -0.340014070868492135E+01   -0.408015846679761444E+04   -0.583831319988485298E+01    1
   -0.340555033087730408E+01   -0.372395752677804239E+04   -0.584331319988483866E+01    1
   -0.341533452868461618E+01   -0.315828846675173827E+04   -0.584831319988482967E+01    1
   -0.341576666235923776E+01   -0.313543883615922005E+04   -0.585331319988482779E+01    1
   -0.343795257806777954E+01   -0.216470523705861160E+04   -0.585831319988484900E+01    1
   -0.344327611923217791E+01   -0.198221825351955727E+04   -0.586331319988484356E+01    1
   -0.344535502791404724E+01   -0.191541146800664683E+04   -0.586831319988484879E+01    1
   -0.345318788290023804E+01   -0.168431844554643430E+04   -0.587331319988484513E+01    1
   -0.347482205033302316E+01   -0.118816631426199888E+04   -0.587831319988484502E+01    1
   -0.347668592929840070E+01   -0.115357357983029897E+04   -0.588331319988485202E+01    1
   -0.348546636700630197E+01   -0.100502754157739957E+04   -0.588831319988484836E+01    1
   -0.349126732945442209E+01   -0.918767239389289330E+03   -0.589331319988484292E+01    1
   -0.350917512178421021E+01   -0.702084747926536579E+03   -0.589831319988485081E+01    1
   -0.351561460494995126E+01   -0.639575499551597090E+03   -0.590331319988485426E+01    1
   -0.352782618403434789E+01   -0.539135230062931214E+03   -0.590831319988484704E+01    1
   -0.354577667117118844E+01   -0.426436295121068667E+03   -0.591331319988483450E+01    1
   -0.354614484906196603E+01   -0.424488387069490784E+03   -0.591831319988484683E+01    1
   -0.355289235711097717E+01   -0.391021830787784268E+03   -0.592331319988484406E+01    1
   -0.357260473966598546E+01   -0.314078508875455498E+03   -0.592831319988482353E+01    1
   -0.357584245800971967E+01   -0.303932573442501678E+03   -0.593331319988484207E+01    1
   -0.358549874424934423E+01   -0.277110389004388026E+03   -0.593831319988486150E+01    1
   -0.359526738524436951E+01   -0.254564609408538161E+03   -0.594331319988484363E+01    1
   -0.359597608447074890E+01   -0.253088066129875699E+03   -0.594831319988483731E+01    1
   -0.359725450873374974E+01   -0.250475247170597470E+03   -0.595331319988485230E+01    1
   -0.361343722343444806E+01   -0.222476097476853056E+03   -0.595831319988485220E+01    1
   -0.363257486820220965E+01   -0.199168319550612352E+03   -0.596331319988484676E+01    1
   -0.364357457160949716E+01   -0.189397131932397428E+03   -0.596831319988483333E+01    1
   -0.364585831165313756E+01   -0.187639184602162686E+03   -0.597331319988483767E+01    1
   -0.364726568460464495E+01   -0.186598127554042833E+03   -0.597831319988483756E+01    1
   -0.365578805208206159E+01   -0.180933195274737841E+03   -0.598331319988483834E+01    1
   -0.365719663500785863E+01   -0.180095360393473726E+03   -0.598831319988485067E+01    1
   -0.366177344918251046E+01   -0.177549069791467701E+03   -0.599331319988483902E+01    1
   -0.367384795546531695E+01   -0.171986792805159865E+03   -0.599831319988483536E+01    1
   -0.367504341006279001E+01   -0.171517460820281229E+03   -0.600331319988484058E+01    1
   -0.499389844536781347E+01   -0.169607139387756490E+03   -0.600831319988484402E+01    1
   -0.499324938058853185E+01   -0.169607134012470453E+03   -0.601331319988484836E+01    1
   -0.498085042834281921E+01   -0.169607025845054693E+03   -0.601831319988485181E+01    1
   -0.497589022517204249E+01   -0.169606979510702558E+03   -0.602331319988484992E+01    1
   -0.497185565233230609E+01   -0.169606940457552298E+03   -0.602831319988484537E+01    1
   -0.496856521368026716E+01   -0.169606907670586509E+03   -0.603331319988483905E+01    1
   -0.496003040075302160E+01   -0.169606818535615560E+03   -0.603831319988483450E+01    1
   -0.494935185909271258E+01   -0.169606698181174380E+03   -0.604331319988483973E+01    1
   -0.494445059895515460E+01   -0.169606639437486507E+03   -0.604831319988484406E+01    1
   -0.494327882528305018E+01   -0.169606625052084098E+03   -0.605331319988484662E+01    1
   -0.493701409697532689E+01   -0.169606545834430563E+03   -0.605831319988484918E+01    1
   -0.493631853461265546E+01   -0.169606536793949545E+03   -0.606331319988484108E+01    1
   -0.493444324731826800E+01   -0.169606512170325999E+03   -0.606831319988483475E+01    1
   -0.493283588290214503E+01   -0.169606490771377878E+03   -0.607331319988483642E+01    1
   -0.490219328403472865E+01   -0.169606026039518525E+03   -0.607831319988483898E+01    1
   -0.488308087587356532E+01   -0.169605673457263265E+03   -0.608331319988483799E+01    1
   -0.488257856369018572E+01   -0.169605663450061343E+03   -0.608831319988483255E+01    1
   -0.488002171516418493E+01   -0.169605611888582246E+03   -0.609331319988483422E+01    1
   -0.487188031673431432E+01   -0.169605440558248290E+03   -0.609831319988483944E+01    1
   -0.486453110575675929E+01   -0.169605276091985274E+03   -0.610331319988484200E+01    1
   -0.486370261907577550E+01   -0.169605256942100880E+03   -0.610831319988484456E+01    1
   -0.486364229321479780E+01   -0.169605255542782345E+03   -0.611331319988484534E+01    1
   -0.486215661764144880E+01   -0.169605220868581029E+03   -0.611831319988484612E+01    1
   -0.485731378197669983E+01   -0.169605104957722347E+03   -0.612331319988484957E+01    1
   -0.485612437725067103E+01   -0.169605075801169221E+03   -0.612831319988484058E+01    1
   -0.485458027720451391E+01   -0.169605037536366552E+03   -0.613331319988483337E+01    1
   -0.485447552800178528E+01   -0.169605034923500909E+03   -0.613831319988484392E+01    1
   -0.485366778373718244E+01   -0.169605014701902917E+03   -0.614331319988484204E+01    1
   -0.485309633016586339E+01   -0.169605000317163160E+03   -0.614831319988483216E+01    1
   -0.484892762303352320E+01   -0.169604893381727692E+03   -0.615331319988483472E+01    1
   -0.483787986636161804E+01   -0.169604592236519807E+03   -0.615831319988484527E+01    1
   -0.483470990657806432E+01   -0.169604500831464833E+03   -0.616331319988484516E+01    1
   -0.482325870990753192E+01   -0.169604150764326420E+03   -0.616831319988484594E+01    1
   -0.481713105440139788E+01   -0.169603949926138512E+03   -0.617331319988485472E+01    1
   -0.479604880809783918E+01   -0.169603179121811678E+03   -0.617831319988485106E+01    1
   -0.479601233601570165E+01   -0.169603177673126112E+03   -0.618331319988484296E+01    1
   -0.479483157396316528E+01   -0.169603130544852519E+03   -0.618831319988483397E+01    1
   -0.479109603762626612E+01   -0.169602978495462793E+03   -0.619331319988483742E+01    1
   -0.478783723115921056E+01   -0.169602842106996746E+03   -0.619831319988484619E+01    1
   -0.478766005635261571E+01   -0.169602834589917563E+03   -0.620331319988484164E+01    1
   -0.478164268136024440E+01   -0.169602572888517471E+03   -0.620831319988483532E+01    1
   -0.478043962121009791E+01   -0.169602519045253302E+03   -0.621331319988483433E+01    1
   -0.477859389185905492E+01   -0.169602435429814449E+03   -0.621831319988484221E+01    1
   -0.477291340827941912E+01   -0.169602170242454861E+03   -0.622331319988484033E+01    1
   -0.476532946228981036E+01   -0.169601796962406439E+03   -0.622831319988483223E+01    1
   -0.476530007719993609E+01   -0.169601795471773414E+03   -0.623331319988483390E+01    1
   -0.476283864378929156E+01   -0.169601669362210316E+03   -0.623831319988483735E+01    1
   -0.475920630097389186E+01   -0.169601478685276277E+03   -0.624331319988483990E+01    1
   -0.475858592987060547E+01   -0.169601445564041256E+03   -0.624831319988484335E+01    1
   -0.475381258130073547E+01   -0.169601185166271222E+03   -0.625331319988484591E+01    1
   -0.474856872558593768E+01   -0.169600887447631465E+03   -0.625831319988483958E+01    1
   -0.474766833186149562E+01   -0.169600835064504963E+03   -0.626331319988483415E+01    1
   -0.474238333702087367E+01   -0.169600519897005597E+03   -0.626831319988484559E+01    1
   -0.473051279783248901E+01   -0.169599761672001478E+03   -0.627331319988484815E+01    1
   -0.472856836915016210E+01   -0.169599630487156332E+03   -0.627831319988483649E+01    1
   -0.472785811424255353E+01   -0.169599582058819465E+03   -0.628331319988483905E+01    1
   -0.472676602602004969E+01   -0.169599507058127188E+03   -0.628831319988483806E+01    1
   -0.472325139641761815E+01   -0.169599261203351517E+03   -0.629331319988483973E+01    1
   -0.472034088969230670E+01   -0.169599052325617123E+03   -0.629831319988483962E+01    1
   -0.471490724086761492E+01   -0.169598649150419533E+03   -0.630331319988484040E+01    1
   -0.469082045555114746E+01   -0.169596635570368932E+03   -0.630831319988484474E+01    1
   -0.468718863129615748E+01   -0.169596296954463526E+03   -0.631331319988484196E+01    1
   -0.468645054697990382E+01   -0.169596226929895096E+03   -0.631831319988484985E+01    1
   -0.467950028181076050E+01   -0.169595546893214049E+03   -0.632331319988484353E+01    1
   -0.467549561262130720E+01   -0.169595137577939425E+03   -0.632831319988483898E+01    1
   -0.466980199217796343E+01   -0.169594532627761794E+03   -0.633331319988484243E+01    1
   -0.466515240669250453E+01   -0.169594017785007395E+03   -0.633831319988483788E+01    1
   -0.466470592617988622E+01   -0.169593967332956396E+03   -0.634331319988483155E+01    1
   -0.465691351890563965E+01   -0.169593057184191650E+03   -0.634831319988484033E+01    1
   -0.465421648621559125E+01   -0.169592728736526368E+03   -0.635331319988483934E+01    1
   -0.465348600745201146E+01   -0.169592638552903651E+03   -0.635831319988483212E+01    1
   -0.465239167411116572E+01   -0.169592502459436645E+03   -0.636331319988484445E+01    1
   -0.465104981064796430E+01   -0.169592333949859551E+03   -0.636831319988484967E+01    1
   -0.465008857250213659E+01   -0.169592212122930135E+03   -0.637331319988483980E+01    1
   -0.464723389744758641E+01   -0.169591844755896659E+03   -0.637831319988483436E+01    1
   -0.463265267014503479E+01   -0.169589831771855302E+03   -0.638331319988483781E+01    1
   -0.463072552680969274E+01   -0.169589547731759836E+03   -0.638831319988484392E+01    1
   -0.462499024868011510E+01   -0.169588676046981732E+03   -0.639331319988484115E+01    1
   -0.462293018102645892E+01   -0.169588353055701816E+03   -0.639831319988483305E+01    1
   -0.461260598897933960E+01   -0.169586651705425197E+03   -0.640331319988484182E+01    1
   -0.461191319227218610E+01   -0.169586532428141709E+03   -0.640831319988484349E+01    1
   -0.460830349326133693E+01   -0.169585900144418588E+03   -0.641331319988483894E+01    1
   -0.460740603804588300E+01   -0.169585740089119298E+03   -0.641831319988484950E+01    1
   -0.460455504676916760E+01   -0.169585223941038635E+03   -0.642331319988485028E+01    1
   -0.460337578654289281E+01   -0.169585006979458171E+03   -0.642831319988483774E+01    1
   -0.460271427631378138E+01   -0.169584884374763220E+03   -0.643331319988483941E+01    1
   -0.459732239527673059E+01   -0.169583860462444704E+03   -0.643831319988484374E+01    1
   -0.459219199419021606E+01   -0.169582844315883165E+03   -0.644331319988484097E+01    1
   -0.458536445498466527E+01   -0.169581425662916189E+03   -0.644831319988483465E+01    1
   -0.458167045662734917E+01   -0.169580625166375683E+03   -0.645331319988483099E+01    1
   -0.457335619875099031E+01   -0.169578734448232069E+03   -0.645831319988484331E+01    1
   -0.457185716629028338E+01   -0.169578379962560803E+03   -0.646331319988484321E+01    1
   -0.455882107615470922E+01   -0.169575111035607193E+03   -0.646831319988483155E+01    1
   -0.455881640911102259E+01   -0.169575109803121791E+03   -0.647331319988483944E+01    1
   -0.455562553405761683E+01   -0.169574256271680696E+03   -0.647831319988485355E+01    1
   -0.455169587401079490E+01   -0.169573174698004550E+03   -0.648331319988484722E+01    1
   -0.453822074532508868E+01   -0.169569196334545495E+03   -0.648831319988484090E+01    1
   -0.453475728034973180E+01   -0.169568102489941822E+03   -0.649331319988484612E+01    1
   -0.452765715122222900E+01   -0.169565762913933270E+03   -0.649831319988484424E+01    1
   -0.452662746310234088E+01   -0.169565412431159018E+03   -0.650331319988484946E+01    1
   -0.452278371504066889E+01   -0.169564078255284585E+03   -0.650831319988485468E+01    1
   -0.452152638435363752E+01   -0.169563632834929336E+03   -0.651331319988484125E+01    1
   -0.452139415144920331E+01   -0.169563585728881208E+03   -0.651831319988483759E+01    1
   -0.451993907094001734E+01   -0.169563064066869970E+03   -0.652331319988484726E+01    1
   -0.451917886137962377E+01   -0.169562789094322824E+03   -0.652831319988484449E+01    1
   -0.451658630786858950E+01   -0.169561838650713497E+03   -0.653331319988484527E+01    1
   -0.448687508594796292E+01   -0.169549411518959801E+03   -0.653831319988484161E+01    1
   -0.448254930973052979E+01   -0.169547342475707666E+03   -0.654331319988482818E+01    1
   -0.447848725318908691E+01   -0.169545333130988070E+03   -0.654831319988484228E+01    1
   -0.447559218928324487E+01   -0.169543860574783622E+03   -0.655331319988485284E+01    1
   -0.447371262861897456E+01   -0.169542886081467202E+03   -0.655831319988484385E+01    1
   -0.447288697361946141E+01   -0.169542453339821208E+03   -0.656331319988483930E+01    1
   -0.446866406483331957E+01   -0.169540194666147670E+03   -0.656831319988484008E+01    1
   -0.446309426398813436E+01   -0.169537096172576526E+03   -0.657331319988483909E+01    1
   -0.445816947818070197E+01   -0.169534238798902066E+03   -0.657831319988483187E+01    1
   -0.445668801069259679E+01   -0.169533356931977892E+03   -0.658331319988483976E+01    1
   -0.445489035285847113E+01   -0.169532272680435710E+03   -0.658831319988485653E+01    1
   -0.444887365102767962E+01   -0.169528527873627070E+03   -0.659331319988485998E+01    1
   -0.444424562328934503E+01   -0.169525521874793469E+03   -0.659831319988484832E+01    1
   -0.444278678894042933E+01   -0.169524550968103654E+03   -0.660331319988483045E+01    1
   -0.443338961005210841E+01   -0.169518017005873560E+03   -0.660831319988482591E+01    1
   -0.442914125369177647E+01   -0.169514897514196889E+03   -0.661331319988482402E+01    1
   -0.442731052637100220E+01   -0.169513520124326419E+03   -0.661831319988482214E+01    1
   -0.442645559310913050E+01   -0.169512869935137132E+03   -0.662331319988483358E+01    1
   -0.442139820565432817E+01   -0.169508931175363642E+03   -0.662831319988484857E+01    1
   -0.441284234523773211E+01   -0.169501892994565935E+03   -0.663331319988483958E+01    1
   -0.440756945013999957E+01   -0.169497308670378374E+03   -0.663831319988483415E+01    1
   -0.440706043336735398E+01   -0.169496855778199830E+03   -0.664331319988484559E+01    1
   -0.440559062361717224E+01   -0.169495537606752976E+03   -0.664831319988485259E+01    1
   -0.440505807788751280E+01   -0.169495056155549833E+03   -0.665331319988484182E+01    1
   -0.440401540994644147E+01   -0.169494107550844603E+03   -0.665831319988482750E+01    1
   -0.439278650283813477E+01   -0.169483372854081097E+03   -0.666331319988483006E+01    1
   -0.439193258572481948E+01   -0.169482516289946091E+03   -0.666831319988484506E+01    1
   -0.439157772657801981E+01   -0.169482158602272477E+03   -0.667331319988485649E+01    1
   -0.438939442634582555E+01   -0.169479935365419237E+03   -0.667831319988485284E+01    1
   -0.438790563941001910E+01   -0.169478396875095854E+03   -0.668331319988484029E+01    1
   -0.438612586236321356E+01   -0.169476533419063713E+03   -0.668831319988483841E+01    1
   -0.438490445812634366E+01   -0.169475239117073727E+03   -0.669331319988484719E+01    1
   -0.438473809957504290E+01   -0.169475061846986165E+03   -0.669831319988484797E+01    1
   -0.437695046874059379E+01   -0.169466493209974487E+03   -0.670331319988483809E+01    1
   -0.437689470052719098E+01   -0.169466429899593663E+03   -0.670831319988483976E+01    1
   -0.437630786299705488E+01   -0.169465761978850708E+03   -0.671331319988484232E+01    1
   -0.437524619698524475E+01   -0.169464545610619098E+03   -0.671831319988483333E+01    1
   -0.437403967976570129E+01   -0.169463150660391932E+03   -0.672331319988483767E+01    1
   -0.437282711267471313E+01   -0.169461735058440581E+03   -0.672831319988484289E+01    1
   -0.436844009160995483E+01   -0.169456496995298039E+03   -0.673331319988483568E+01    1
   -0.436162762988435926E+01   -0.169447989043506311E+03   -0.673831319988484179E+01    1
   -0.434862528517023872E+01   -0.169430403456168875E+03   -0.674331319988485056E+01    1
   -0.434531261117625256E+01   -0.169425622591662403E+03   -0.674831319988484069E+01    1
   -0.433778349161148036E+01   -0.169414273108492637E+03   -0.675331319988483436E+01    1
   -0.433317718204735058E+01   -0.169406984581214147E+03   -0.675831319988484047E+01    1
   -0.433248319538734439E+01   -0.169405863012440108E+03   -0.676331319988484037E+01    1
   -0.432858427480052743E+01   -0.169399444745446090E+03   -0.676831319988484292E+01    1
   -0.432649045586586034E+01   -0.169395914434043192E+03   -0.677331319988485081E+01    1
   -0.432632192373275792E+01   -0.169395627698029159E+03   -0.677831319988483383E+01    1
   -0.432377924919128453E+01   -0.169391254411792119E+03   -0.678331319988484083E+01    1
   -0.432005581259727478E+01   -0.169384687601643463E+03   -0.678831319988483806E+01    1
   -0.431707754731178284E+01   -0.169379292401033354E+03   -0.679331319988483973E+01    1
   -0.430474365886844179E+01   -0.169355529794522795E+03   -0.679831319988484761E+01    1
   -0.430212917923927307E+01   -0.169350184714749133E+03   -0.680331319988484751E+01    1
   -0.430163288545220901E+01   -0.169349157415335071E+03   -0.680831319988484740E+01    1
   -0.430152782201767003E+01   -0.169348939417218673E+03   -0.681331319988484818E+01    1
   -0.429855266809463465E+01   -0.169342689650448676E+03   -0.681831319988484630E+01    1
   -0.429847142696380580E+01   -0.169342516899115111E+03   -0.682331319988483997E+01    1
   -0.429823893904685939E+01   -0.169342021916430838E+03   -0.682831319988483543E+01    1
   -0.429254324436187762E+01   -0.169329603857936803E+03   -0.683331319988483443E+01    1
   -0.429197191706251058E+01   -0.169328326770272497E+03   -0.683831319988483255E+01    1
   -0.428802502420504261E+01   -0.169319343380269743E+03   -0.684331319988483955E+01    1
   -0.428729699261730879E+01   -0.169317655195966438E+03   -0.684831319988484566E+01    1
   -0.428464816212654132E+01   -0.169311429577707486E+03   -0.685331319988484111E+01    1
   -0.428226560144513080E+01   -0.169305716273074324E+03   -0.685831319988483479E+01    1
   -0.427856406569480896E+01   -0.169296621910272620E+03   -0.686331319988483557E+01    1
   -0.427835854291915929E+01   -0.169296109048510800E+03   -0.686831319988483724E+01    1
   -0.427823961973190325E+01   -0.169295811903367280E+03   -0.687331319988484513E+01    1
   -0.368124173926002296E+01   -0.169291370005784813E+03   -0.687831319988484946E+01    1
   -0.427021945777169520E+01   -0.169275108205820800E+03   -0.688331319988484580E+01    1
   -0.368130226135253924E+01   -0.169271267435651993E+03   -0.688831319988484214E+01    1
   -0.426192311644554156E+01   -0.169252253019425467E+03   -0.689331319988483937E+01    1
   -0.426056131604298471E+01   -0.169248355095069883E+03   -0.689831319988484282E+01    1
   -0.425678663617815900E+01   -0.169237327250222876E+03   -0.690331319988484982E+01    1
   -0.425301286578178406E+01   -0.169225966004994973E+03   -0.690831319988484704E+01    1
   -0.425128398537635821E+01   -0.169220646088536796E+03   -0.691331319988484871E+01    1
   -0.424495823979377729E+01   -0.169200546084624506E+03   -0.691831319988485216E+01    1
   -0.424377540349960292E+01   -0.169196674225937784E+03   -0.692331319988485028E+01    1
   -0.424252878427505475E+01   -0.169192554021650494E+03   -0.692831319988485284E+01    1
   -0.423996277451515180E+01   -0.169183943632036687E+03   -0.693331319988485451E+01    1
   -0.423834773620655714E+01   -0.169178433652060022E+03   -0.693831319988484641E+01    1
   -0.423775244451098754E+01   -0.169176384832500190E+03   -0.694331319988484630E+01    1
   -0.423364930152893049E+01   -0.169161996712575444E+03   -0.694831319988485152E+01    1
   -0.423232595543460910E+01   -0.169157255494594665E+03   -0.695331319988484609E+01    1
   -0.423039612098257578E+01   -0.169150251597371721E+03   -0.695831319988484598E+01    1
   -0.422387249936993214E+01   -0.169125766642334042E+03   -0.696331319988484143E+01    1
   -0.421744396123982579E+01   -0.169100369135684844E+03   -0.696831319988483866E+01    1
   -0.421335284508219665E+01   -0.169083520595966661E+03   -0.697331319988484655E+01    1
   -0.421128537707256534E+01   -0.169074796597806937E+03   -0.697831319988484200E+01    1
   -0.420692964827960303E+01   -0.169055943992373955E+03   -0.698331319988483745E+01    1
   -0.420431797349767322E+01   -0.169044325241485865E+03   -0.698831319988484800E+01    1
   -0.420205842852592504E+01   -0.169034078060429806E+03   -0.699331319988485145E+01    1
   -0.419981893897056580E+01   -0.169023740074463205E+03   -0.699831319988484868E+01    1
   -0.419561905796489754E+01   -0.169003853630816167E+03   -0.700331319988484413E+01    1
   -0.419545002520957144E+01   -0.169003039407198401E+03   -0.700831319988484314E+01    1
   -0.418694273829460162E+01   -0.168960629236934551E+03   -0.701331319988484658E+01    1
   -0.418605732942831565E+01   -0.168956050141829479E+03   -0.701831319988483759E+01    1
   -0.418310988545417750E+01   -0.168940575245308537E+03   -0.702331319988483749E+01    1
   -0.418183858817513965E+01   -0.168933789241722508E+03   -0.702831319988484360E+01    1
   -0.418141897736427914E+01   -0.168931534515762252E+03   -0.703331319988484438E+01    1
   -0.418011001777382241E+01   -0.168924453098289263E+03   -0.703831319988484427E+01    1
   -0.417142809498215072E+01   -0.168875599301683479E+03   -0.704331319988483884E+01    1
   -0.417007569670677203E+01   -0.168867685813625400E+03   -0.704831319988483429E+01    1
   -0.416464636921882647E+01   -0.168835060509798723E+03   -0.705331319988483951E+01    1
   -0.416155652888423688E+01   -0.168815866192509816E+03   -0.705831319988484029E+01    1
   -0.415993006229400653E+01   -0.168805575005206634E+03   -0.706331319988483308E+01    1
   -0.415989075477123027E+01   -0.168805324674482648E+03   -0.706831319988483653E+01    1
   -0.415966719345797564E+01   -0.168803899459845695E+03   -0.707331319988483820E+01    1
   -0.415750425413237412E+01   -0.168789981589633754E+03   -0.707831319988484164E+01    1
   -0.415577466487884539E+01   -0.168778682183380397E+03   -0.708331319988484420E+01    1
   -0.415177982411912971E+01   -0.168751994966172532E+03   -0.708831319988484587E+01    1
   -0.414726337810164658E+01   -0.168720807768483240E+03   -0.709331319988484488E+01    1
   -0.414707945486706286E+01   -0.168719514400859225E+03   -0.709831319988484566E+01    1
   -0.414361718893051112E+01   -0.168694819762874630E+03   -0.710331319988485177E+01    1
   -0.414183334112167323E+01   -0.168681835297173848E+03   -0.710831319988483834E+01    1
   -0.414174491526361255E+01   -0.168681186972458875E+03   -0.711331319988484179E+01    1
   -0.414023047089576757E+01   -0.168670014094730703E+03   -0.711831319988484612E+01    1
   -0.413507961034774763E+01   -0.168631018248273165E+03   -0.712331319988483891E+01    1
   -0.413506422638893145E+01   -0.168630899438650914E+03   -0.712831319988484591E+01    1
   -0.413482897281646711E+01   -0.168629080825708570E+03   -0.713331319988484669E+01    1
   -0.413444610238075239E+01   -0.168626113994146635E+03   -0.713831319988484037E+01    1
   -0.413382575333792168E+01   -0.168621288297151693E+03   -0.714331319988484736E+01    1
   -0.413240903503866974E+01   -0.168610180584902537E+03   -0.714831319988484726E+01    1
   -0.412120298550658681E+01   -0.168517913037107661E+03   -0.715331319988484537E+01    1
   -0.411025283932685870E+01   -0.168419749826577174E+03   -0.715831319988484793E+01    1
   -0.410975157637851041E+01   -0.168415056421002106E+03   -0.716331319988484694E+01    1
   -0.410908440370304184E+01   -0.168408781654887036E+03   -0.716831319988484861E+01    1
   -0.410849440097808838E+01   -0.168403205995614485E+03   -0.717331319988483695E+01    1
   -0.410762971373065167E+01   -0.168394989038357068E+03   -0.717831319988482885E+01    1
   -0.410762764633634525E+01   -0.168394969327310292E+03   -0.718331319988483852E+01    1
   -0.368403542041778564E+01   -0.168394503226269137E+03   -0.718831319988485085E+01    1
   -0.410684146499347147E+01   -0.168387451115623776E+03   -0.719331319988485518E+01    1
   -0.410006748921659536E+01   -0.168320773616964487E+03   -0.719831319988485241E+01    1
   -0.409955943226814234E+01   -0.168315632964638326E+03   -0.720331319988484253E+01    1
   -0.409760093650879043E+01   -0.168295629951909461E+03   -0.720831319988484509E+01    1
   -0.409469602704048175E+01   -0.168265408666798152E+03   -0.721331319988484676E+01    1
   -0.409306472240883501E+01   -0.168248143783225089E+03   -0.721831319988483600E+01    1
   -0.409052272659383842E+01   -0.168220812826231139E+03   -0.722331319988483056E+01    1
   -0.408610943377577041E+01   -0.168172099627362428E+03   -0.722831319988483489E+01    1
   -0.408250432888636450E+01   -0.168131089123747756E+03   -0.723331319988484633E+01    1
   -0.408016250729560870E+01   -0.168103848606789313E+03   -0.723831319988483735E+01    1
   -0.407866386092749700E+01   -0.168086163605766671E+03   -0.724331319988483013E+01    1
   -0.407806076158927056E+01   -0.168078990483844507E+03   -0.724831319988484335E+01    1
   -0.407608459582196314E+01   -0.168055258540528001E+03   -0.725331319988483436E+01    1
   -0.407588771768363944E+01   -0.168052874966899481E+03   -0.725831319988483248E+01    1
   -0.407575699090957677E+01   -0.168051290341122950E+03   -0.726331319988484214E+01    1
   -0.368520535723448539E+01   -0.168037307716256322E+03   -0.726831319988484292E+01    1
   -0.407393970604232880E+01   -0.168029100977023347E+03   -0.727331319988484726E+01    1
   -0.407269274265766867E+01   -0.168013700484432718E+03   -0.727831319988484715E+01    1
   -0.368533283147445268E+01   -0.167999027096008120E+03   -0.728331319988484704E+01    1
   -0.406617952585220355E+01   -0.167930897121694755E+03   -0.728831319988484694E+01    1
   -0.406345276236534136E+01   -0.167895026288179992E+03   -0.729331319988483617E+01    1
   -0.368580622931862223E+01   -0.167857951372005061E+03   -0.729831319988483163E+01    1
   -0.405614479031653641E+01   -0.167795253147705552E+03   -0.730331319988482885E+01    1
   -0.404994858503341693E+01   -0.167706362886681916E+03   -0.730831319988481987E+01    1
   -0.404960287809371966E+01   -0.167701283859890623E+03   -0.731331319988482242E+01    1
   -0.404953093658900620E+01   -0.167700225305765827E+03   -0.731831319988482765E+01    1
   -0.404487092425125461E+01   -0.167630463126687175E+03   -0.732331319988483465E+01    1
   -0.404210777878761274E+01   -0.167587969524590875E+03   -0.732831319988483276E+01    1
   -0.404209671616554278E+01   -0.167587797681776294E+03   -0.733331319988482555E+01    1
   -0.404162992219467210E+01   -0.167580534131156242E+03   -0.733831319988482544E+01    1
   -0.403847028438736277E+01   -0.167530719640195514E+03   -0.734331319988483955E+01    1
   -0.403828270435333270E+01   -0.167527726441109280E+03   -0.734831319988483767E+01    1
   -0.403558653593063354E+01   -0.167484254760772700E+03   -0.735331319988483134E+01    1
   -0.403442851290876447E+01   -0.167465323459114131E+03   -0.735831319988484989E+01    1
   -0.403240811493568696E+01   -0.167431915760280020E+03   -0.736331319988484001E+01    1
   -0.403180242776870745E+01   -0.167421806187634786E+03   -0.736831319988482036E+01    1
   -0.403113631029556707E+01   -0.167410637358704093E+03   -0.737331319988482381E+01    1
   -0.403098967075347936E+01   -0.167408171505726614E+03   -0.737831319988483525E+01    1
   -0.368751809454846402E+01   -0.167361873937785532E+03   -0.738331319988483958E+01    1
   -0.402721904516220075E+01   -0.167343872890449802E+03   -0.738831319988483326E+01    1
   -0.402706437692900643E+01   -0.167341198425231937E+03   -0.739331319988483848E+01    1
   -0.402653424388405057E+01   -0.167332009257868151E+03   -0.739831319988484815E+01    1
   -0.402291432701641227E+01   -0.167268332085990068E+03   -0.740331319988484626E+01    1
   -0.402070869207382220E+01   -0.167228727661593553E+03   -0.740831319988483994E+01    1
   -0.401978271603584325E+01   -0.167211916703075190E+03   -0.741331319988483362E+01    1
   -0.401805377299116184E+01   -0.167180233918862427E+03   -0.741831319988483440E+01    1
   -0.401584653163774252E+01   -0.167139224735503518E+03   -0.742331319988483784E+01    1
   -0.401330603236486105E+01   -0.167091234912162292E+03   -0.742831319988483507E+01    1
   -0.401299691775825895E+01   -0.167085337621957535E+03   -0.743331319988483408E+01    1
   -0.401235485672950709E+01   -0.167073047816295599E+03   -0.743831319988484285E+01    1
   -0.401031287512529566E+01   -0.167033595926255572E+03   -0.744331319988484630E+01    1
   -0.401011692321524027E+01   -0.167029780628426437E+03   -0.744831319988484708E+01    1
   -0.400994516427580105E+01   -0.167026432125366512E+03   -0.745331319988485053E+01    1
   -0.400786510431939202E+01   -0.166985563579807319E+03   -0.745831319988483887E+01    1
   -0.368889078610150545E+01   -0.166979645297792388E+03   -0.746331319988483877E+01    1
   -0.400717663575731287E+01   -0.166971907040569761E+03   -0.746831319988484577E+01    1
   -0.400541836759384307E+01   -0.166936734889548546E+03   -0.747331319988484211E+01    1
   -0.368907318663595074E+01   -0.166929875865478436E+03   -0.747831319988484289E+01    1
   -0.400208568758108640E+01   -0.166868893713777169E+03   -0.748331319988483656E+01    1
   -0.400189370895715868E+01   -0.166864938463900387E+03   -0.748831319988483557E+01    1
   -0.400054913759231567E+01   -0.166837091371839534E+03   -0.749331319988483635E+01    1
   -0.399952670931816101E+01   -0.166815744966087891E+03   -0.749831319988484157E+01    1
   -0.399930901321145438E+01   -0.166811180702998939E+03   -0.750331319988484857E+01    1
   -0.399575295632068350E+01   -0.166735663230434852E+03   -0.750831319988484225E+01    1
   -0.399534166776816591E+01   -0.166726811422749648E+03   -0.751331319988483948E+01    1
   -0.399391373713459696E+01   -0.166695888472176989E+03   -0.751831319988483671E+01    1
   -0.399279485269735357E+01   -0.166671450140600740E+03   -0.752331319988483926E+01    1
   -0.399018477761306301E+01   -0.166613725536160530E+03   -0.752831319988484982E+01    1
   -0.398571642179735175E+01   -0.166512546950154899E+03   -0.753331319988484971E+01    1
   -0.398513337373733556E+01   -0.166499122906686637E+03   -0.753831319988484694E+01    1
   -0.398369035959096163E+01   -0.166465676775426658E+03   -0.754331319988484239E+01    1
   -0.398340155482292158E+01   -0.166458944713197525E+03   -0.754831319988483518E+01    1
   -0.398211443489004058E+01   -0.166428786452320765E+03   -0.755331319988483774E+01    1
   -0.398132905754471089E+01   -0.166410259325378632E+03   -0.755831319988483674E+01    1
   -0.397919672131538427E+01   -0.166359476397120261E+03   -0.756331319988483397E+01    1
   -0.397881119082844670E+01   -0.166350219379680595E+03   -0.756831319988484097E+01    1
   -0.397877997159957886E+01   -0.166349468757581633E+03   -0.757331319988484619E+01    1
   -0.397843745175217345E+01   -0.166341223370983244E+03   -0.757831319988483809E+01    1
   -0.397838979530762726E+01   -0.166340074699638080E+03   -0.758331319988483266E+01    1
   -0.397717350454614671E+01   -0.166310638040031080E+03   -0.758831319988483433E+01    1
   -0.397340298746094289E+01   -0.166217904412635221E+03   -0.759331319988483688E+01    1
   -0.397298868894577062E+01   -0.166207577632444355E+03   -0.759831319988484566E+01    1
   -0.397245173453173273E+01   -0.166194152839079806E+03   -0.760331319988484200E+01    1
   -0.397239915669943677E+01   -0.166192835829114927E+03   -0.760831319988483390E+01    1
   -0.369195407588640734E+01   -0.166174641379097238E+03   -0.761331319988484001E+01    1
   -0.397066104412078857E+01   -0.166149049262799764E+03   -0.761831319988484612E+01    1
   -0.396887017361401062E+01   -0.166103425923033882E+03   -0.762331319988484690E+01    1
   -0.369229063625218767E+01   -0.166090111615908455E+03   -0.762831319988485124E+01    1
   -0.396763573114393608E+01   -0.166071676232575101E+03   -0.763331319988484047E+01    1
   -0.396696867422321642E+01   -0.166054416750932859E+03   -0.763831319988482971E+01    1
   -0.396679232192241482E+01   -0.166049841707934888E+03   -0.764331319988483493E+01    1
   -0.369247032403945941E+01   -0.166045291610303963E+03   -0.764831319988483571E+01    1
   -0.396536139982115632E+01   -0.166012532418642877E+03   -0.765331319988484093E+01    1
   -0.396206936240196228E+01   -0.165925423758548249E+03   -0.765831319988484260E+01    1
   -0.396160146497611443E+01   -0.165912898160056557E+03   -0.766331319988484161E+01    1
   -0.395894426327777360E+01   -0.165841077048308023E+03   -0.766831319988484506E+01    1
   -0.369337797760963449E+01   -0.165822160399578877E+03   -0.767331319988483607E+01    1
   -0.395804392898265522E+01   -0.165816475726136844E+03   -0.767831319988483152E+01    1
   -0.395676571540752642E+01   -0.165781316453565438E+03   -0.768331319988483941E+01    1
   -0.395625925494619679E+01   -0.165767309813481972E+03   -0.768831319988484463E+01    1
   -0.395344120860099801E+01   -0.165688587038774017E+03   -0.769331319988483830E+01    1
   -0.395247407969435649E+01   -0.165661261504579358E+03   -0.769831319988483997E+01    1
   -0.369413352012634277E+01   -0.165640532987798622E+03   -0.770331319988484786E+01    1
   -0.369422310649016961E+01   -0.165619241793262063E+03   -0.770831319988485042E+01    1
   -0.394877416491508493E+01   -0.165555259708161543E+03   -0.771331319988483699E+01    1
   -0.394858204741125984E+01   -0.165549692010154331E+03   -0.771831319988483866E+01    1
   -0.394840634188094164E+01   -0.165544594433833566E+03   -0.772331319988485099E+01    1
   -0.394682679772377032E+01   -0.165498532048811114E+03   -0.772831319988484200E+01    1
   -0.394638377428054810E+01   -0.165485536122196066E+03   -0.773331319988482768E+01    1
   -0.394489160717563703E+01   -0.165441516785340127E+03   -0.773831319988483823E+01    1
   -0.394325777283261036E+01   -0.165392880282530570E+03   -0.774331319988485056E+01    1
   -0.394300878938391275E+01   -0.165385428204019490E+03   -0.774831319988484424E+01    1
   -0.394211847336968813E+01   -0.165358693819185049E+03   -0.775331319988483525E+01    1
   -0.369554962019676037E+01   -0.165309967694326190E+03   -0.775831319988483070E+01    1
   -0.394007110663967319E+01   -0.165296697797600871E+03   -0.776331319988483504E+01    1
   -0.393994913101196298E+01   -0.165292981468474181E+03   -0.776831319988483138E+01    1
   -0.393974717666776098E+01   -0.165286822722037215E+03   -0.777331319988483305E+01    1
   -0.393952112904690832E+01   -0.165279920888474635E+03   -0.777831319988483827E+01    1
   -0.393784437529638476E+01   -0.165228449797252608E+03   -0.778331319988484172E+01    1
   -0.393741387151883071E+01   -0.165215156341803180E+03   -0.778831319988484072E+01    1
   -0.369608692225370561E+01   -0.165187847348019488E+03   -0.779331319988484150E+01    1
   -0.393571508526802072E+01   -0.165162387201339897E+03   -0.779831319988484672E+01    1
   -0.393565042318143554E+01   -0.165160368754801425E+03   -0.780331319988483241E+01    1
   -0.393488622437657298E+01   -0.165136459280040640E+03   -0.780831319988482697E+01    1
   -0.393485654367305271E+01   -0.165135528622440916E+03   -0.781331319988483575E+01    1
   -0.392935976671823850E+01   -0.164960545620714697E+03   -0.781831319988483564E+01    1
   -0.392921747725997506E+01   -0.164955946612035916E+03   -0.782331319988483376E+01    1
   -0.369724307517542705E+01   -0.164931109574763582E+03   -0.782831319988483809E+01    1
   -0.392785681853345459E+01   -0.164911791340303125E+03   -0.783331319988484420E+01    1
   -0.392758025527000409E+01   -0.164902777357863869E+03   -0.783831319988484054E+01    1
   -0.392634980707708525E+01   -0.164862513464834933E+03   -0.784331319988482800E+01    1
   -0.392521748698722650E+01   -0.164825229810067071E+03   -0.784831319988483145E+01    1
   -0.392479990720748884E+01   -0.164811424470931371E+03   -0.785331319988483223E+01    1
   -0.392239489801402330E+01   -0.164731329855171623E+03   -0.785831319988483212E+01    1
   -0.369826641843094706E+01   -0.164710618975402838E+03   -0.786331319988484623E+01    1
   -0.391624835745694622E+01   -0.164522129413544803E+03   -0.786831319988483990E+01    1
   -0.391510511753210899E+01   -0.164482509987633620E+03   -0.787331319988482559E+01    1
   -0.369937714377979177E+01   -0.164478324792993931E+03   -0.787831319988483170E+01    1
   -0.391469336794729372E+01   -0.164468186564267342E+03   -0.788331319988482893E+01    1
   -0.391449161721042849E+01   -0.164461157878927310E+03   -0.788831319988482349E+01    1
   -0.391389712304551152E+01   -0.164440406755828121E+03   -0.789331319988483315E+01    1
   -0.370048907599399612E+01   -0.164252944959888339E+03   -0.789831319988484459E+01    1
   -0.390587942489303774E+01   -0.164154793411053049E+03   -0.790331319988484005E+01    1
   -0.390361451093463518E+01   -0.164072201697267332E+03   -0.790831319988484260E+01    1
   -0.390266389607791719E+01   -0.164037291176091003E+03   -0.791331319988484250E+01    1
   -0.390228677988052386E+01   -0.164023401957590409E+03   -0.791831319988483440E+01    1
   -0.370210934563709104E+01   -0.163937041468966754E+03   -0.792331319988483607E+01    1
   -0.389722696356522391E+01   -0.163834885520332591E+03   -0.792831319988484040E+01    1
   -0.389674259502320997E+01   -0.163816631079543072E+03   -0.793331319988484562E+01    1
   -0.389648164237525574E+01   -0.163806781700426825E+03   -0.793831319988484108E+01    1
   -0.389587382508298674E+01   -0.163783800171740495E+03   -0.794331319988484630E+01    1
   -0.389576220238944471E+01   -0.163779573642872776E+03   -0.794831319988485330E+01    1
   -0.389516051364329652E+01   -0.163756758666476884E+03   -0.795331319988483898E+01    1
   -0.370316234827041635E+01   -0.163739495074273862E+03   -0.795831319988483266E+01    1
   -0.389415006672035346E+01   -0.163718322063886689E+03   -0.796331319988484676E+01    1
   -0.389350913794546205E+01   -0.163693862788673158E+03   -0.796831319988485554E+01    1
   -0.389231200812087730E+01   -0.163648015262487888E+03   -0.797331319988485543E+01    1
   -0.389212455417314729E+01   -0.163640817156164474E+03   -0.797831319988485443E+01    1
   -0.389211325359973959E+01   -0.163640383057928375E+03   -0.798331319988484456E+01    1
   -0.370378997921943665E+01   -0.163624592668120073E+03   -0.798831319988484445E+01    1
   -0.389139132114461272E+01   -0.163612612404000146E+03   -0.799331319988483990E+01    1
   -0.389016786319465391E+01   -0.163565377810193922E+03   -0.799831319988483802E+01    1
   -0.388957699646528265E+01   -0.163542489366410393E+03   -0.800331319988484147E+01    1
   -0.370425069425517517E+01   -0.163541580212613042E+03   -0.800831319988482804E+01    1
   -0.388885762095451337E+01   -0.163514556214243441E+03   -0.801331319988483592E+01    1
   -0.388864570260047948E+01   -0.163506313614237570E+03   -0.801831319988484204E+01    1
   -0.370478436800991506E+01   -0.163446816475977727E+03   -0.802331319988484282E+01    1
   -0.370487826466560399E+01   -0.163430297091628944E+03   -0.802831319988485248E+01    1
   -0.388625404385038475E+01   -0.163412858323834968E+03   -0.803331319988485504E+01    1
   -0.370505009647635219E+01   -0.163400184926707539E+03   -0.803831319988484161E+01    1
   -0.388587676406085070E+01   -0.163398044534053383E+03   -0.804331319988482463E+01    1
   -0.388557133078575134E+01   -0.163386037734649761E+03   -0.804831319988483962E+01    1
   -0.388554384581491163E+01   -0.163384956666774514E+03   -0.805331319988481731E+01    1
   -0.388554367423057556E+01   -0.163384949917520373E+03   -0.805831319988483763E+01    1
   -0.388524401465592994E+01   -0.163373156825348929E+03   -0.806331319988484907E+01    1
   -0.388409119803317093E+01   -0.163327676578454600E+03   -0.806831319988484275E+01    1
   -0.388224159618913855E+01   -0.163254344782332623E+03   -0.807331319988483642E+01    1
   -0.388079437443877229E+01   -0.163196662606254137E+03   -0.807831319988483720E+01    1
   -0.388071791833263990E+01   -0.163193608014220530E+03   -0.808331319988484509E+01    1
   -0.387976014955544724E+01   -0.163155282174777852E+03   -0.808831319988484232E+01    1
   -0.370650405446783271E+01   -0.163151452942918780E+03   -0.809331319988483600E+01    1
   -0.387892278776157529E+01   -0.163121683307471073E+03   -0.809831319988482967E+01    1
   -0.370669599175453168E+01   -0.163119418124177514E+03   -0.810331319988483756E+01    1
   -0.387705594939517795E+01   -0.163046478317114605E+03   -0.810831319988484367E+01    1
   -0.370745499134063738E+01   -0.162994538179179187E+03   -0.811331319988484445E+01    1
   -0.370775841296806785E+01   -0.162945412218220497E+03   -0.811831319988484701E+01    1
   -0.370793663227484815E+01   -0.162916767701793333E+03   -0.812331319988484069E+01    1
   -0.387370315305811275E+01   -0.162910422428938148E+03   -0.812831319988483969E+01    1
   -0.387360630600716860E+01   -0.162906474308848942E+03   -0.813331319988483692E+01    1
   -0.387316200733184823E+01   -0.162888349214992758E+03   -0.813831319988483237E+01    1
   -0.387315719178532492E+01   -0.162888152653044415E+03   -0.814331319988484026E+01    1
   -0.387285544218758471E+01   -0.162875830999655022E+03   -0.814831319988483571E+01    1
   -0.387272168472246658E+01   -0.162870366146974675E+03   -0.815331319988482939E+01    1
   -0.370839668728882677E+01   -0.162843539844113820E+03   -0.815831319988483372E+01    1
   -0.387186795484106527E+01   -0.162835442977626172E+03   -0.816331319988483806E+01    1
   -0.387135817006208516E+01   -0.162814554652889285E+03   -0.816831319988483706E+01    1
   -0.387129202711044584E+01   -0.162811842581477094E+03   -0.817331319988484140E+01    1
   -0.370874807240747462E+01   -0.162788298854332481E+03   -0.817831319988483862E+01    1
   -0.370886372557192523E+01   -0.162770246936718536E+03   -0.818331319988483052E+01    1
   -0.387012584781701507E+01   -0.162763955985442806E+03   -0.818831319988483486E+01    1
   -0.386969902125565479E+01   -0.162746396986940312E+03   -0.819331319988483919E+01    1
   -0.370915437631798905E+01   -0.162725162617483647E+03   -0.819831319988483997E+01    1
   -0.370918767917089198E+01   -0.162720022563287841E+03   -0.820331319988483898E+01    1
   -0.386838900982705125E+01   -0.162692400584806308E+03   -0.820831319988483799E+01    1
   -0.386756791352974538E+01   -0.162658478526188077E+03   -0.821331319988483521E+01    1
   -0.370961551158940006E+01   -0.162654457684669865E+03   -0.821831319988483777E+01    1
   -0.386709668631622172E+01   -0.162638984447166422E+03   -0.822331319988483855E+01    1
   -0.371046521420605657E+01   -0.162526793575601062E+03   -0.822831319988483223E+01    1
   -0.371061704222330135E+01   -0.162504336086939759E+03   -0.823331319988483479E+01    1
   -0.386334188414964252E+01   -0.162483017676949515E+03   -0.823831319988484090E+01    1
   -0.386322667341624770E+01   -0.162478215399919378E+03   -0.824331319988483813E+01    1
   -0.386254077025379239E+01   -0.162449606271564704E+03   -0.824831319988483358E+01    1
   -0.386241031350515707E+01   -0.162444161295246602E+03   -0.825331319988483791E+01    1
   -0.386215726184333352E+01   -0.162433596262114207E+03   -0.825831319988484047E+01    1
   -0.385940206736023317E+01   -0.162318308547861733E+03   -0.826331319988484658E+01    1
   -0.371197683811187762E+01   -0.162307912127232157E+03   -0.826831319988483848E+01    1
   -0.385749361746256225E+01   -0.162238206675706493E+03   -0.827331319988482861E+01    1
   -0.385712475589328729E+01   -0.162222704683679893E+03   -0.827831319988483294E+01    1
   -0.385652406630040367E+01   -0.162197447115264566E+03   -0.828331319988483550E+01    1
   -0.385549246909370646E+01   -0.162154036986667279E+03   -0.828831319988484161E+01    1
   -0.371313322782516497E+01   -0.162147415753929323E+03   -0.829331319988483529E+01    1
   -0.385497878259136328E+01   -0.162132406153823297E+03   -0.829831319988483074E+01    1
   -0.385488750142082726E+01   -0.162128561446976562E+03   -0.830331319988483152E+01    1
   -0.371339164376258868E+01   -0.162112356886831151E+03   -0.830831319988482697E+01    1
   -0.385378034060836017E+01   -0.162081907618171044E+03   -0.831331319988482420E+01    1
   -0.385356993027688510E+01   -0.162073037249432360E+03   -0.831831319988483031E+01    1
   -0.385355186272282069E+01   -0.162072275511310181E+03   -0.832331319988483287E+01    1
   -0.385238162814712526E+01   -0.162022920677553600E+03   -0.832831319988482832E+01    1
   -0.385232699945312440E+01   -0.162020615951948685E+03   -0.833331319988483088E+01    1
   -0.385171313684495864E+01   -0.161994713793887712E+03   -0.833831319988483521E+01    1
   -0.371430883951194613E+01   -0.161990264393039865E+03   -0.834331319988483244E+01    1
   -0.385159779499916599E+01   -0.161989846148860863E+03   -0.834831319988483145E+01    1
   -0.385070793793161403E+01   -0.161952285755889079E+03   -0.835331319988483401E+01    1
   -0.384913068523553470E+01   -0.161885690522471208E+03   -0.835831319988483301E+01    1
   -0.384848631492080084E+01   -0.161858480379123137E+03   -0.836331319988483202E+01    1
   -0.384838263951106274E+01   -0.161854102414277207E+03   -0.836831319988483457E+01    1
   -0.371545046569062842E+01   -0.161843321181488562E+03   -0.837331319988483358E+01    1
   -0.384793655580840888E+01   -0.161835265606486075E+03   -0.837831319988483969E+01    1
   -0.371583510041236886E+01   -0.161795047258358863E+03   -0.838331319988484580E+01    1
   -0.384694642174610424E+01   -0.161793458663338129E+03   -0.838831319988484658E+01    1
   -0.371585087597546826E+01   -0.161793080468494452E+03   -0.839331319988483671E+01    1
   -0.371593747066456448E+01   -0.161782302805004861E+03   -0.839831319988482861E+01    1
   -0.371607218154678431E+01   -0.161765598239037644E+03   -0.840331319988483649E+01    1
   -0.371626043695134456E+01   -0.161742379439718036E+03   -0.840831319988484793E+01    1
   -0.384540519714355478E+01   -0.161728403844842035E+03   -0.841331319988484516E+01    1
   -0.384511669937523326E+01   -0.161716230758356375E+03   -0.841831319988482996E+01    1
   -0.384446483962578744E+01   -0.161688732328513680E+03   -0.842331319988483429E+01    1
   -0.384409958298939758E+01   -0.161673328649201494E+03   -0.842831319988483862E+01    1
   -0.384365590201983132E+01   -0.161654622561882491E+03   -0.843331319988483763E+01    1
   -0.384318146269188432E+01   -0.161634626235840415E+03   -0.843831319988484196E+01    1
   -0.384286698581732766E+01   -0.161621375962832360E+03   -0.844331319988483919E+01    1
   -0.384277994480239204E+01   -0.161617709154619689E+03   -0.844831319988484353E+01    1
   -0.384169430650430321E+01   -0.161571998268025993E+03   -0.845331319988483543E+01    1
   -0.384060840481357912E+01   -0.161526327051427359E+03   -0.845831319988482733E+01    1
   -0.383992666092178725E+01   -0.161497683892927256E+03   -0.846331319988483699E+01    1
   -0.383943131074898414E+01   -0.161476887958319310E+03   -0.846831319988484132E+01    1
   -0.383775331974029577E+01   -0.161406554356014624E+03   -0.847331319988483322E+01    1
   -0.383738621725108375E+01   -0.161391192551606423E+03   -0.847831319988483934E+01    1
   -0.371940016495323267E+01   -0.161376187167074022E+03   -0.848331319988483834E+01    1
   -0.383695477466826507E+01   -0.161373151087368655E+03   -0.848831319988483024E+01    1
   -0.383659794489879236E+01   -0.161358240471253026E+03   -0.849331319988483990E+01    1
   -0.371976297026968439E+01   -0.161336367864132313E+03   -0.849831319988483536E+01    1
   -0.383507590998594416E+01   -0.161294758324350767E+03   -0.850331319988483258E+01    1
   -0.372027341599101069E+01   -0.161281195525066039E+03   -0.850831319988483870E+01    1
   -0.383471206816629584E+01   -0.161279613281804444E+03   -0.851331319988483415E+01    1
   -0.383381240974958315E+01   -0.161242219116955766E+03   -0.851831319988482605E+01    1
   -0.383201988266694382E+01   -0.161167964026301206E+03   -0.852331319988483571E+01    1
   -0.383153746622925517E+01   -0.161148041914190344E+03   -0.852831319988484537E+01    1
   -0.383146673303381347E+01   -0.161145123216277057E+03   -0.853331319988483905E+01    1
   -0.383142165859105699E+01   -0.161143263603907315E+03   -0.853831319988484161E+01    1
   -0.372167234074588871E+01   -0.161135010224317938E+03   -0.854331319988484239E+01    1
   -0.372211216360397135E+01   -0.161090544495755523E+03   -0.854831319988483074E+01    1
   -0.382879418983769959E+01   -0.161035316683535314E+03   -0.855331319988483330E+01    1
   -0.382871279399884923E+01   -0.161031987742501599E+03   -0.855831319988483763E+01    1
   -0.372270433750929142E+01   -0.161031786803496999E+03   -0.856331319988483131E+01    1
   -0.372302048272522201E+01   -0.161000934641018574E+03   -0.856831319988482676E+01    1
   -0.382764484882354772E+01   -0.160988401929421656E+03   -0.857331319988483642E+01    1
   -0.372318416830156185E+01   -0.160985101122921236E+03   -0.857831319988484609E+01    1
   -0.372334187907532943E+01   -0.160969935709766759E+03   -0.858331319988483443E+01    1
   -0.382699046708370938E+01   -0.160961781669470327E+03   -0.858831319988483344E+01    1
   -0.382696661330786903E+01   -0.160960812588728857E+03   -0.859331319988482889E+01    1
   -0.372344489782279764E+01   -0.160960077094192457E+03   -0.859831319988484033E+01    1
   -0.382655547576077648E+01   -0.160944124344208490E+03   -0.860331319988483578E+01    1
   -0.382632903371232125E+01   -0.160934944890878313E+03   -0.860831319988485077E+01    1
   -0.372386656716017628E+01   -0.160920114934041834E+03   -0.861331319988484090E+01    1
   -0.372422882017873036E+01   -0.160886281779860496E+03   -0.861831319988482747E+01    1
   -0.382498175736653412E+01   -0.160880511216564287E+03   -0.862331319988483180E+01    1
   -0.382447581887812404E+01   -0.160860153530352733E+03   -0.862831319988482903E+01    1
   -0.372460798615363498E+01   -0.160851358013952336E+03   -0.863331319988482804E+01    1
   -0.382324263092219585E+01   -0.160810735455801108E+03   -0.863831319988483237E+01    1
   -0.382316196831759658E+01   -0.160807513351318846E+03   -0.864331319988482605E+01    1
   -0.372513249130180224E+01   -0.160803864647834303E+03   -0.864831319988483216E+01    1
   -0.382298074500151941E+01   -0.160800279047841798E+03   -0.865331319988483294E+01    1
   -0.382182761526446946E+01   -0.160754404546892204E+03   -0.865831319988484083E+01    1
   -0.372581778976542788E+01   -0.160743224945722261E+03   -0.866331319988483983E+01    1
   -0.372625096235646902E+01   -0.160705711338148603E+03   -0.866831319988483884E+01    1
   -0.382045102746032939E+01   -0.160700013659242188E+03   -0.867331319988484317E+01    1
   -0.382000671445291795E+01   -0.160682549301246752E+03   -0.867831319988483330E+01    1
   -0.372655800220185540E+01   -0.160679500165730047E+03   -0.868331319988483230E+01    1
   -0.381911919713020342E+01   -0.160647803082175926E+03   -0.868831319988483486E+01    1
   -0.381886455462099539E+01   -0.160637868894133703E+03   -0.869331319988484452E+01    1
   -0.381881456507447092E+01   -0.160635920556279302E+03   -0.869831319988485063E+01    1
   -0.372709978123146879E+01   -0.160634010033570121E+03   -0.870331319988484253E+01    1
   -0.381792239197458061E+01   -0.160601253270587534E+03   -0.870831319988483088E+01    1
   -0.381786818677077866E+01   -0.160599153522555184E+03   -0.871331319988483699E+01    1
   -0.381749727211031198E+01   -0.160584805807642510E+03   -0.871831319988484310E+01    1
   -0.381728933460622732E+01   -0.160576778103141805E+03   -0.872331319988483855E+01    1
   -0.381708118745227143E+01   -0.160568753756901884E+03   -0.872831319988484289E+01    1
   -0.381665432278431105E+01   -0.160552333855970147E+03   -0.873331319988484722E+01    1
   -0.381629730218845697E+01   -0.160538638618596707E+03   -0.873831319988484445E+01    1
   -0.381620332446759170E+01   -0.160535039484615879E+03   -0.874331319988483102E+01    1
   -0.372833610009229854E+01   -0.160533783281350310E+03   -0.874831319988483713E+01    1
   -0.381599585152592802E+01   -0.160527102429426833E+03   -0.875331319988483969E+01    1
   -0.381596111647631275E+01   -0.160525774784828968E+03   -0.875831319988483870E+01    1
   -0.381594170854185899E+01   -0.160525033121152006E+03   -0.876331319988484836E+01    1
   -0.381570383414598790E+01   -0.160515951492514205E+03   -0.876831319988484026E+01    1
   -0.381550690531730652E+01   -0.160508445222169172E+03   -0.877331319988483216E+01    1
   -0.372866934312507770E+01   -0.160507606757711983E+03   -0.877831319988482761E+01    1
   -0.381541073575395462E+01   -0.160504783581972134E+03   -0.878331319988483550E+01    1
   -0.372870734254329506E+01   -0.160504644242078513E+03   -0.878831319988484161E+01    1
   -0.381499178802463668E+01   -0.160488863330934009E+03   -0.879331319988483706E+01    1
   -0.372928101027600434E+01   -0.160460472584120851E+03   -0.879831319988483607E+01    1
   -0.372945953912025718E+01   -0.160446936426798771E+03   -0.880331319988484040E+01    1
   -0.372949951291084325E+01   -0.160443919194101198E+03   -0.880831319988484118E+01    1
   -0.372961696904767415E+01   -0.160435082300625993E+03   -0.881331319988484019E+01    1
   -0.381355251296803388E+01   -0.160434566471573930E+03   -0.881831319988483919E+01    1
   -0.381336954471992495E+01   -0.160427709229256948E+03   -0.882331319988483287E+01    1
   -0.381325314796348014E+01   -0.160423352379797905E+03   -0.882831319988482655E+01    1
   -0.381304498074413800E+01   -0.160415571092732051E+03   -0.883331319988483976E+01    1
   -0.381245679934536419E+01   -0.160393659458467312E+03   -0.883831319988483877E+01    1
   -0.381231749257889696E+01   -0.160388486177517848E+03   -0.884331319988483777E+01    1
   -0.373027496853314133E+01   -0.160386365363901916E+03   -0.884831319988483145E+01    1
   -0.381186811963135597E+01   -0.160371841644891646E+03   -0.885331319988483223E+01    1
   -0.381144198857253746E+01   -0.160356119923719803E+03   -0.885831319988482946E+01    1
   -0.381102849690946055E+01   -0.160340923156552606E+03   -0.886331319988483735E+01    1
   -0.381070901155471820E+01   -0.160329221493290163E+03   -0.886831319988483813E+01    1
   -0.381047289371490461E+01   -0.160320596081157817E+03   -0.887331319988483358E+01    1
   -0.381005870871061925E+01   -0.160305513222030839E+03   -0.887831319988483258E+01    1
   -0.381000591925323384E+01   -0.160303595228855215E+03   -0.888331319988483692E+01    1
   -0.381000065579039138E+01   -0.160303404046631698E+03   -0.888831319988483770E+01    1
   -0.380974034070968637E+01   -0.160293961141486420E+03   -0.889331319988483848E+01    1
   -0.373182215517872695E+01   -0.160276997539491305E+03   -0.889831319988484459E+01    1
   -0.380895035000022020E+01   -0.160265455077145305E+03   -0.890331319988484182E+01    1
   -0.380788009166717512E+01   -0.160227207474312621E+03   -0.890831319988484438E+01    1
   -0.380782161820127873E+01   -0.160225130439926886E+03   -0.891331319988484161E+01    1
   -0.373262750163043933E+01   -0.160222885276282994E+03   -0.891831319988483173E+01    1
   -0.380756460222356896E+01   -0.160216016755408788E+03   -0.892331319988483074E+01    1
   -0.380729200523197608E+01   -0.160206378862557358E+03   -0.892831319988483152E+01    1
   -0.380726801753044164E+01   -0.160205532160999809E+03   -0.893331319988483941E+01    1
   -0.380708559144914505E+01   -0.160199100481897545E+03   -0.893831319988483841E+01    1
   -0.380697747944432052E+01   -0.160195295103813720E+03   -0.894331319988482676E+01    1
   -0.373346844359434016E+01   -0.160168392162190628E+03   -0.894831319988482754E+01    1
   -0.380510615965736232E+01   -0.160130185153623984E+03   -0.895331319988483543E+01    1
   -0.373435763601057058E+01   -0.160112966231225926E+03   -0.895831319988484154E+01    1
   -0.373457780093234559E+01   -0.160099586100834529E+03   -0.896331319988484054E+01    1
   -0.373484164036939381E+01   -0.160083729477160517E+03   -0.896831319988484310E+01    1
   -0.380350932053939372E+01   -0.160075807973054907E+03   -0.897331319988484033E+01    1
   -0.380319238191884956E+01   -0.160065150675083515E+03   -0.897831319988483045E+01    1
   -0.373530842745838232E+01   -0.160056147228903171E+03   -0.898331319988482946E+01    1
   -0.380275253175546624E+01   -0.160050436757270745E+03   -0.898831319988483557E+01    1
   -0.380264321313829345E+01   -0.160046793730606566E+03   -0.899331319988483990E+01    1
   -0.380234770257877575E+01   -0.160036973878418507E+03   -0.899831319988483358E+01    1
   -0.380221159783492446E+01   -0.160032464932577994E+03   -0.900331319988482726E+01    1
   -0.380212604411524424E+01   -0.160029635157747435E+03   -0.900831319988482626E+01    1
   -0.380201755125981133E+01   -0.160026051653100069E+03   -0.901331319988483592E+01    1
   -0.373594637176289979E+01   -0.160019415886157702E+03   -0.901831319988484736E+01    1
   -0.373595524430274972E+01   -0.160018912816430202E+03   -0.902331319988484459E+01    1
   -0.373596987752000143E+01   -0.160018083583089748E+03   -0.902831319988484537E+01    1
   -0.373612391236545793E+01   -0.160009389807603867E+03   -0.903331319988484438E+01    1
   -0.380148832172281370E+01   -0.160008652172337150E+03   -0.903831319988484161E+01    1
   -0.373613941230896884E+01   -0.160008518526381096E+03   -0.904331319988483884E+01    1
   -0.373619544243237423E+01   -0.160005374357862053E+03   -0.904831319988484140E+01    1
   -0.380090013095323265E+01   -0.159989473975705238E+03   -0.905331319988484573E+01    1
   -0.380073390394822486E+01   -0.159984085001953758E+03   -0.905831319988483408E+01    1
   -0.380068953308322932E+01   -0.159982648851776730E+03   -0.906331319988483308E+01    1
   -0.380047263452271977E+01   -0.159975642671683062E+03   -0.906831319988483209E+01    1
   -0.380046348799881484E+01   -0.159975347742387413E+03   -0.907331319988482932E+01    1
   -0.380045632554527346E+01   -0.159975116818729589E+03   -0.907831319988483898E+01    1
   -0.373693671551954498E+01   -0.159964567584562531E+03   -0.908331319988483443E+01    1
   -0.380010461049553339E+01   -0.159963809088435312E+03   -0.908831319988483344E+01    1
   -0.373697687804403422E+01   -0.159962398362490916E+03   -0.909331319988483777E+01    1
   -0.373713829399864395E+01   -0.159953723051964460E+03   -0.909831319988483678E+01    1
   -0.379975758732193780E+01   -0.159952713900034752E+03   -0.910331319988484466E+01    1
   -0.373719284002576613E+01   -0.159950806989781540E+03   -0.910831319988484900E+01    1
   -0.379965842558074307E+01   -0.159949554811773851E+03   -0.911331319988484623E+01    1
   -0.379958096098237297E+01   -0.159947090482320192E+03   -0.911831319988483635E+01    1
   -0.373729704925901896E+01   -0.159945257645471429E+03   -0.912331319988483358E+01    1
   -0.373730419852376983E+01   -0.159944877978212418E+03   -0.912831319988483436E+01    1
   -0.379923924437262350E+01   -0.159936256876185155E+03   -0.913331319988483514E+01    1
   -0.373777279740983293E+01   -0.159920284046936501E+03   -0.913831319988484303E+01    1
   -0.373777938150218692E+01   -0.159919942562273008E+03   -0.914331319988483671E+01    1
   -0.379866032957271882E+01   -0.159918043187182207E+03   -0.914831319988483216E+01    1
   -0.373793745357191742E+01   -0.159911777876980523E+03   -0.915331319988483116E+01    1
   -0.379845041214135648E+01   -0.159911482826838721E+03   -0.915831319988483550E+01    1
   -0.379828353759339610E+01   -0.159906284535179509E+03   -0.916331319988483983E+01    1
   -0.373827837756734649E+01   -0.159894388293747198E+03   -0.916831319988484061E+01    1
   -0.379774181342110406E+01   -0.159889513479178277E+03   -0.917331319988484317E+01    1
   -0.379766809377355052E+01   -0.159887243630454947E+03   -0.917831319988484395E+01    1
   -0.379754843523716890E+01   -0.159883565691547858E+03   -0.918331319988484296E+01    1
   -0.373873081206263258E+01   -0.159871771202067976E+03   -0.918831319988482775E+01    1
   -0.379705701941305929E+01   -0.159868544490642506E+03   -0.919331319988482321E+01    1
   -0.373880149423141983E+01   -0.159868284934962986E+03   -0.919831319988483997E+01    1
   -0.379695666897058537E+01   -0.159865493683631456E+03   -0.920331319988485141E+01    1
   -0.373904516070324000E+01   -0.159856363592824181E+03   -0.920831319988484331E+01    1
   -0.379663491978624146E+01   -0.159855750408299059E+03   -0.921331319988484232E+01    1
   -0.379652948329372020E+01   -0.159852570363146071E+03   -0.921831319988483422E+01    1
   -0.373915149392215262E+01   -0.159851208268399375E+03   -0.922331319988482790E+01    1
   -0.379598921211310003E+01   -0.159836375573452983E+03   -0.922831319988484111E+01    1
   -0.379569986077015376E+01   -0.159827771817778739E+03   -0.923331319988483656E+01    1
   -0.379566733655221178E+01   -0.159826807786790539E+03   -0.923831319988483202E+01    1
   -0.379556185190186035E+01   -0.159823685459989917E+03   -0.924331319988483813E+01    1
   -0.379539994388595581E+01   -0.159818905782879398E+03   -0.924831319988483180E+01    1
   -0.373987275826968890E+01   -0.159816987462628759E+03   -0.925331319988483258E+01    1
   -0.379530830117087570E+01   -0.159816207284076597E+03   -0.925831319988483514E+01    1
   -0.379529505268527512E+01   -0.159815817583633617E+03   -0.926331319988483592E+01    1
   -0.373995734255596624E+01   -0.159813059157506302E+03   -0.926831319988484381E+01    1
   -0.373997425005336837E+01   -0.159812276054139886E+03   -0.927331319988484815E+01    1
   -0.379496654071868367E+01   -0.159806187987679465E+03   -0.927831319988483294E+01    1
   -0.379489579469551774E+01   -0.159804122687817426E+03   -0.928331319988483727E+01    1
   -0.379483163457741934E+01   -0.159802252257013834E+03   -0.928831319988484871E+01    1
   -0.374023511195968084E+01   -0.159800283136142212E+03   -0.929331319988483173E+01    1
   -0.379463303094902216E+01   -0.159796478220458368E+03   -0.929831319988482896E+01    1
   -0.379458968778928307E+01   -0.159795221275596418E+03   -0.930331319988482974E+01    1
   -0.379450214844130951E+01   -0.159792686132353140E+03   -0.930831319988482164E+01    1
   -0.379433598084035006E+01   -0.159787886771416254E+03   -0.931331319988483486E+01    1
   -0.374053357412071019E+01   -0.159786766673598123E+03   -0.931831319988484985E+01    1
   -0.374067106249716819E+01   -0.159780613493354423E+03   -0.932331319988483997E+01    1
   -0.379340027457063478E+01   -0.159761179510928145E+03   -0.932831319988482655E+01    1
   -0.374117293868307854E+01   -0.159758541903231247E+03   -0.933331319988483088E+01    1
   -0.374127109975667160E+01   -0.159754296058566467E+03   -0.933831319988483166E+01    1
   -0.379292350204823414E+01   -0.159747782699295470E+03   -0.934331319988482534E+01    1
   -0.379290646809634158E+01   -0.159747306742450718E+03   -0.934831319988482790E+01    1
   -0.379288507919307794E+01   -0.159746709364222454E+03   -0.935331319988483756E+01    1
   -0.374146844487487495E+01   -0.159745830098534356E+03   -0.935831319988484189E+01    1
   -0.374148405895607272E+01   -0.159745164246722908E+03   -0.936331319988483202E+01    1
   -0.379278171245389206E+01   -0.159743826533668425E+03   -0.936831319988482214E+01    1
   -0.379267457242434425E+01   -0.159740845718611496E+03   -0.937331319988484069E+01    1
   -0.379261032138849608E+01   -0.159739061697057224E+03   -0.937831319988485035E+01    1
   -0.374170180893878879E+01   -0.159735939086271969E+03   -0.938331319988483337E+01    1
   -0.379246036735384795E+01   -0.159734908398199224E+03   -0.938831319988483237E+01    1
   -0.379179747978774273E+01   -0.159716724135124821E+03   -0.939331319988482960E+01    1
   -0.379172959263170650E+01   -0.159714878196059175E+03   -0.939831319988483038E+01    1
   -0.379155950792687246E+01   -0.159710266822860035E+03   -0.940331319988483116E+01    1
   -0.374244405709348094E+01   -0.159705337264152547E+03   -0.940831319988482129E+01    1
   -0.374249482251547771E+01   -0.159703291611710114E+03   -0.941331319988483983E+01    1
   -0.379122430888067008E+01   -0.159701235437007114E+03   -0.941831319988485482E+01    1
   -0.374263351074477768E+01   -0.159697733684022552E+03   -0.942331319988484850E+01    1
   -0.379085002141894822E+01   -0.159691240414464289E+03   -0.942831319988483330E+01    1
   -0.379076727484757825E+01   -0.159689043591857001E+03   -0.943331319988482342E+01    1
   -0.379017678563070515E+01   -0.159673503342232635E+03   -0.943831319988482420E+01    1
   -0.374332440589893611E+01   -0.159670710876309840E+03   -0.944331319988483919E+01    1
   -0.379001502907118404E+01   -0.159669288441144374E+03   -0.944831319988483642E+01    1
   -0.374363051354931464E+01   -0.159659089150791743E+03   -0.945331319988483365E+01    1
   -0.378935670841745509E+01   -0.159652324150024640E+03   -0.945831319988484687E+01    1
   -0.374392365828991958E+01   -0.159648159654034600E+03   -0.946331319988483699E+01    1
   -0.378914807519269115E+01   -0.159647012049430060E+03   -0.946831319988483422E+01    1
   -0.374404999204285094E+01   -0.159643509503797901E+03   -0.947331319988484388E+01    1
   -0.374405496854077979E+01   -0.159643327064447874E+03   -0.947831319988484111E+01    1
   -0.374430536345732534E+01   -0.159634219533376580E+03   -0.948331319988483834E+01    1
   -0.374433286995576164E+01   -0.159633227636743044E+03   -0.948831319988483735E+01    1
   -0.378850919696688138E+01   -0.159630940288234513E+03   -0.949331319988483280E+01    1
   -0.378850277865522944E+01   -0.159630780331889355E+03   -0.949831319988483891E+01    1
   -0.378840234433078038E+01   -0.159628281246377384E+03   -0.950331319988484147E+01    1
   -0.378836701355869465E+01   -0.159627403875636475E+03   -0.950831319988483337E+01    1
   -0.374467859538250991E+01   -0.159620904914027449E+03   -0.951331319988483415E+01    1
   -0.378781469580832919E+01   -0.159613807847540841E+03   -0.951831319988484026E+01    1
   -0.374495335221565240E+01   -0.159611301438254316E+03   -0.952331319988484282E+01    1
   -0.374498604882386621E+01   -0.159610169736827146E+03   -0.952831319988484182E+01    1
   -0.378762566086997499E+01   -0.159609206583135659E+03   -0.953331319988483550E+01    1
   -0.378755929238081457E+01   -0.159607597468960819E+03   -0.953831319988483095E+01    1
   -0.374521925959140844E+01   -0.159602166185643966E+03   -0.954331319988483173E+01    1
   -0.374524014752211976E+01   -0.159601455173964609E+03   -0.954831319988483251E+01    1
   -0.378728360054937729E+01   -0.159600948782518373E+03   -0.955331319988484040E+01    1
   -0.374536741304521836E+01   -0.159597143825463945E+03   -0.955831319988483763E+01    1
   -0.378711652474903371E+01   -0.159596947509618019E+03   -0.956331319988483841E+01    1
   -0.378709133174140966E+01   -0.159596346007123941E+03   -0.956831319988484452E+01    1
   -0.378705001176176026E+01   -0.159595360507654703E+03   -0.957331319988484530E+01    1
   -0.378699830943791493E+01   -0.159594129218947558E+03   -0.957831319988484076E+01    1
   -0.374549809942072631E+01   -0.159592753499387470E+03   -0.958331319988482733E+01    1
   -0.378686185810512121E+01   -0.159590889449041867E+03   -0.958831319988484410E+01    1
   -0.374557754781840480E+01   -0.159590102713314252E+03   -0.959331319988483600E+01    1
   -0.378673959462055709E+01   -0.159587998668171593E+03   -0.959831319988483500E+01    1
   -0.378673027752223135E+01   -0.159587778847193562E+03   -0.960331319988484111E+01    1
   -0.378665703935945253E+01   -0.159586053246668882E+03   -0.960831319988484367E+01    1
   -0.374574157852578882E+01   -0.159584673341935314E+03   -0.961331319988483379E+01    1
   -0.378657330601426700E+01   -0.159584085433975389E+03   -0.961831319988483280E+01    1
   -0.378651868862964758E+01   -0.159582804794554363E+03   -0.962331319988483891E+01    1
   -0.374584640524597257E+01   -0.159581234217534870E+03   -0.962831319988484502E+01    1
   -0.374591147175715022E+01   -0.159579111510701182E+03   -0.963331319988484047E+01    1
   -0.378614423281342560E+01   -0.159574087163079611E+03   -0.963831319988484125E+01    1
   -0.378611852549677774E+01   -0.159573492689537943E+03   -0.964331319988484381E+01    1
   -0.378596844275657674E+01   -0.159570032421282804E+03   -0.964831319988483926E+01    1
   -0.378588232234408917E+01   -0.159568054849868361E+03   -0.965331319988483472E+01    1
   -0.378572668219328401E+01   -0.159564495756465561E+03   -0.965831319988483550E+01    1
   -0.378562884463815186E+01   -0.159562268280489121E+03   -0.966331319988483983E+01    1
   -0.374656700886411897E+01   -0.159558234084315558E+03   -0.966831319988483529E+01    1
   -0.378540403813688364E+01   -0.159557178942566395E+03   -0.967331319988483074E+01    1
   -0.378538833952057985E+01   -0.159556825052193005E+03   -0.967831319988482974E+01    1
   -0.378528935313224801E+01   -0.159554598169145891E+03   -0.968331319988483230E+01    1
   -0.374670963737577445E+01   -0.159553813441955356E+03   -0.968831319988483486E+01    1
   -0.378523106687387667E+01   -0.159553290587229782E+03   -0.969331319988483031E+01    1
   -0.374683985148481469E+01   -0.159549815305918372E+03   -0.969831319988483642E+01    1
   -0.378499286244642130E+01   -0.159547975186216092E+03   -0.970331319988483720E+01    1
   -0.378492659223361017E+01   -0.159546504552737019E+03   -0.970831319988483443E+01    1
   -0.374699803309388280E+01   -0.159545006738358893E+03   -0.971331319988484054E+01    1
   -0.378474786738719793E+01   -0.159542556152809993E+03   -0.971831319988483600E+01    1
   -0.378445641704557056E+01   -0.159536173301821663E+03   -0.972331319988484033E+01    1
   -0.378438210664054386E+01   -0.159534557023681486E+03   -0.972831319988484644E+01    1
   -0.378435695186246068E+01   -0.159534010927671829E+03   -0.973331319988484722E+01    1
   -0.378420555546129922E+01   -0.159530735221653686E+03   -0.973831319988484800E+01    1
   -0.374748031832986683E+01   -0.159530670806316834E+03   -0.974331319988483813E+01    1
   -0.378403129071169309E+01   -0.159526988206220068E+03   -0.974831319988482647E+01    1
   -0.374761248227105970E+01   -0.159526827192924003E+03   -0.975331319988483791E+01    1
   -0.378374637637294331E+01   -0.159520916469539628E+03   -0.975831319988484758E+01    1
   -0.374807808282667221E+01   -0.159513575310357908E+03   -0.976331319988484836E+01    1
   -0.378331862943867936E+01   -0.159511928801951029E+03   -0.976831319988484381E+01    1
   -0.378326666489620234E+01   -0.159510847478733467E+03   -0.977331319988483216E+01    1
   -0.378323627242356775E+01   -0.159510216108968081E+03   -0.977831319988484005E+01    1
   -0.378298310349806144E+01   -0.159504987394035993E+03   -0.978331319988483905E+01    1
   -0.378291691182223477E+01   -0.159503629369210046E+03   -0.978831319988482917E+01    1
   -0.374846121086592809E+01   -0.159503005636876708E+03   -0.979331319988482818E+01    1
   -0.374849727801787047E+01   -0.159502026087746088E+03   -0.979831319988482718E+01    1
   -0.378267316725364067E+01   -0.159498661035384998E+03   -0.980331319988483330E+01    1
   -0.378261469944293705E+01   -0.159497476884104231E+03   -0.980831319988483941E+01    1
   -0.374880068569104941E+01   -0.159493890604248833E+03   -0.981331319988483308E+01    1
   -0.378238306745687547E+01   -0.159492814750766001E+03   -0.981831319988483209E+01    1
   -0.378231123209784759E+01   -0.159491378375739799E+03   -0.982331319988483109E+01    1
   -0.374899451539311679E+01   -0.159488790954553906E+03   -0.982831319988482477E+01    1
   -0.378217008172394298E+01   -0.159488569147044615E+03   -0.983331319988482377E+01    1
   -0.374917785410934989E+01   -0.159484037012856305E+03   -0.983831319988482811E+01    1
   -0.374919237714560216E+01   -0.159483663320333790E+03   -0.984331319988484310E+01    1
   -0.374942741020884496E+01   -0.159477674419552727E+03   -0.984831319988484566E+01    1
   -0.374964525794826820E+01   -0.159472221868119021E+03   -0.985331319988483578E+01    1
   -0.374968041006940922E+01   -0.159471350880372853E+03   -0.985831319988482946E+01    1
   -0.374971437202460400E+01   -0.159470511710468259E+03   -0.986331319988483379E+01    1
   -0.378122127938890706E+01   -0.159470142152268011E+03   -0.986831319988484168E+01    1
   -0.374973592671540867E+01   -0.159469980299258481E+03   -0.987331319988483891E+01    1
   -0.378117579576601770E+01   -0.159469278970882385E+03   -0.987831319988484502E+01    1
   -0.378111354226914109E+01   -0.159468100554051063E+03   -0.988331319988483870E+01    1
   -0.378089511060473171E+01   -0.159463993485725751E+03   -0.988831319988482349E+01    1
   -0.378085103357796992E+01   -0.159463169968528348E+03   -0.989331319988482427E+01    1
   -0.375004229869487471E+01   -0.159462526287657454E+03   -0.989831319988482683E+01    1
   -0.375016972962380546E+01   -0.159459480352243816E+03   -0.990331319988482583E+01    1
   -0.378058810065292850E+01   -0.159458294188657163E+03   -0.990831319988482839E+01    1
   -0.378039253804849107E+01   -0.159454708723053614E+03   -0.991331319988482917E+01    1
   -0.375037655039710227E+01   -0.159454604548277018E+03   -0.991831319988483351E+01    1
   -0.378032897710800153E+01   -0.159453550959356733E+03   -0.992331319988483962E+01    1
   -0.378027575358921197E+01   -0.159452584356769933E+03   -0.992831319988484040E+01    1
   -0.378015051968581783E+01   -0.159450320283078469E+03   -0.993331319988484118E+01    1
   -0.375065791118290015E+01   -0.159448105452680750E+03   -0.993831319988483841E+01    1
   -0.378000627042297754E+01   -0.159447730444369711E+03   -0.994331319988483209E+01    1
   -0.377991338066461591E+01   -0.159446072948683764E+03   -0.994831319988484175E+01    1
   -0.377969401604207622E+01   -0.159442190647193058E+03   -0.995331319988484786E+01    1
   -0.377957105340186539E+01   -0.159440034187693527E+03   -0.995831319988484509E+01    1
   -0.377955897289424225E+01   -0.159439823092541872E+03   -0.996331319988484587E+01    1
   -0.377953462739797441E+01   -0.159439398096133147E+03   -0.996831319988483422E+01    1
   -0.377952330221034050E+01   -0.159439200583971228E+03   -0.997331319988483145E+01    1
   -0.375105478468094145E+01   -0.159439198942316466E+03   -0.997831319988484289E+01    1
   -0.375113641391506292E+01   -0.159437404666002749E+03   -0.998331319988484189E+01    1
   -0.375122173374635892E+01   -0.159435542927047550E+03   -0.998831319988482669E+01    1
   -0.375127632483235773E+01   -0.159434359022960791E+03   -0.999331319988482747E+01    1
   -0.377913754846227334E+01   -0.159432545433511990E+03   -0.999831319988483180E+01    1
   -0.377884660019171292E+01   -0.159427619574856919E+03   -0.100033131998848273E+02    1
   -0.375166718606787786E+01   -0.159426048502653344E+03   -0.100083131998848227E+02    1
   -0.375169095814478926E+01   -0.159425552422170853E+03   -0.100133131998848306E+02    1
   -0.375181616987245636E+01   -0.159422957124950130E+03   -0.100183131998848349E+02    1
   -0.375188828981351286E+01   -0.159421475714761755E+03   -0.100233131998848251E+02    1
   -0.377823872034184838E+01   -0.159417590958235564E+03   -0.100283131998848258E+02    1
   -0.375219512873712446E+01   -0.159415282336385133E+03   -0.100333131998848284E+02    1
   -0.375220715509619263E+01   -0.159415043186986765E+03   -0.100383131998848274E+02    1
   -0.377807670993276457E+01   -0.159414978778517536E+03   -0.100433131998848371E+02    1
   -0.377804104254343320E+01   -0.159414407145839476E+03   -0.100483131998848503E+02    1
   -0.377795334610999856E+01   -0.159413006965875638E+03   -0.100533131998848457E+02    1
   -0.377763018156688846E+01   -0.159407912679872737E+03   -0.100583131998848305E+02    1
   -0.375268784076860751E+01   -0.159405705267459098E+03   -0.100633131998848260E+02    1
   -0.375270764270775281E+01   -0.159405329789534704E+03   -0.100683131998848374E+02    1
   -0.377740657258763690E+01   -0.159404448355475978E+03   -0.100733131998848311E+02    1
   -0.375276422016135891E+01   -0.159404260980138361E+03   -0.100783131998848390E+02    1
